1 1 1 29
1 1 10
2 10 11
3 11 12
4 12 13
5 13 14
6 14 15
7 15 16
8 16 17
9 17 18
10 18 19
11 19 20
12 20 21
13 21 22
14 22 23
15 23 24
16 24 25
17 25 26
18 26 27
19 27 28
20 28 29
21 29 30
22 30 31
23 31 32
24 32 33
25 33 34
26 34 35
27 35 36
28 36 37
29 37 2
1 2 1 1
30 2 3
1 4 1 10
31 9 45
32 45 46
33 46 47
34 47 48
35 48 49
36 49 50
37 50 51
38 51 52
39 52 53
40 53 8
1 5 1 17
41 8 54
42 54 55
43 55 56
44 56 57
45 57 58
46 58 59
47 59 60
48 60 61
49 61 62
50 62 63
51 63 64
52 64 65
53 65 66
54 66 67
55 67 68
56 68 69
57 69 6
1 7 1 7
58 4 70
59 70 71
60 71 72
61 72 73
62 73 74
63 74 75
64 75 1
1 9 1 21
65 4 105
66 105 106
67 106 107
68 107 108
69 108 109
70 109 110
71 110 111
72 111 112
73 112 113
74 113 114
75 114 115
76 115 116
77 116 117
78 117 118
79 118 119
80 119 120
81 120 121
82 121 122
83 122 123
84 123 124
85 124 5
1 10 1 21
86 6 125
87 125 126
88 126 127
89 127 128
90 128 129
91 129 130
92 130 131
93 131 132
94 132 133
95 133 134
96 134 135
97 135 136
98 136 137
99 137 138
100 138 139
101 139 140
102 140 141
103 141 142
104 142 143
105 143 144
106 144 7
2 13 2 456
107 224 246 283
108 2 37 294
109 174 175 176
110 199 221 225
111 150 244 297
112 246 213 283
113 164 173 174
114 168 170 171
115 176 177 179
116 209 153 220
117 171 170 172
118 194 197 240
119 158 206 262
120 222 148 227
121 185 222 227
122 247 219 272
123 182 222 323
124 174 173 175
125 253 156 263
126 217 218 237
127 146 226 267
128 104 3 294
129 168 206 207
130 199 225 248
131 207 206 260
132 222 185 323
133 182 179 204
134 176 179 182
135 237 218 292
136 27 208 277
137 168 24 170
138 244 245 297
139 215 212 234
140 148 222 228
141 176 175 177
142 164 22 173
143 230 149 266
144 205 255 281
145 174 176 178
146 226 146 282
147 240 197 241
148 230 266 271
149 251 226 275
150 226 251 267
151 179 177 180
152 227 148 270
153 171 172 253
154 220 153 308
155 212 211 234
156 193 194 240
157 27 26 208
158 208 207 299
159 219 247 302
160 153 209 246
161 16 159 225
162 23 22 164
163 266 155 271
164 108 153 224
165 262 206 291
166 160 221 249
167 264 253 300
168 160 18 221
169 25 24 168
170 168 171 206
171 200 220 241
172 164 174 202
173 151 247 272
174 37 36 311
175 173 22 315
176 276 273 288
177 28 27 257
178 106 163 229
179 217 237 238
180 204 179 205
181 206 158 260
182 17 16 225
183 156 253 264
184 31 30 252
185 273 276 285
186 21 20 162
187 222 204 228
188 33 32 293
189 33 293 310
190 26 207 208
191 148 228 301
192 107 108 224
193 257 27 277
194 215 234 296
195 178 176 323
196 14 151 233
197 207 260 299
198 221 17 225
199 229 163 238
200 264 155 265
201 19 18 160
202 25 168 207
203 163 107 224
204 15 14 233
205 180 183 226
206 221 199 249
207 224 153 246
208 30 231 252
209 203 178 319
210 179 180 329
211 182 204 222
212 193 242 297
213 149 230 286
214 106 107 163
215 26 25 207
216 253 263 289
217 18 17 221
218 204 205 281
219 241 220 278
220 105 106 229
221 191 193 297
222 163 224 283
223 235 166 243
224 155 264 271
225 22 21 315
226 170 24 326
227 206 171 291
228 197 200 241
229 180 181 183
230 20 19 223
231 218 216 219
232 19 160 223
233 176 182 323
234 162 20 320
235 108 109 153
236 183 184 186
237 159 15 233
238 16 15 159
239 226 183 275
240 112 113 239
241 225 159 312
242 187 189 191
243 72 154 243
244 183 186 275
245 218 219 235
246 202 178 203
247 187 191 245
248 214 215 216
249 194 196 197
250 70 4 287
251 200 209 220
252 14 13 151
253 28 295 307
254 159 233 234
255 115 116 244
256 103 104 311
257 4 105 287
258 72 71 154
259 214 212 215
260 32 31 279
261 255 205 282
262 191 192 193
263 152 240 241
264 234 233 296
265 217 216 218
266 197 198 200
267 216 215 272
268 228 204 305
269 154 237 292
270 197 196 198
271 213 212 214
272 210 212 213
273 20 223 320
274 209 210 246
275 253 172 300
276 118 119 251
277 71 70 236
278 151 13 247
279 210 211 212
280 13 12 247
281 314 190 320
282 74 73 166
283 234 211 312
284 186 187 245
285 200 201 209
286 24 23 326
287 29 28 307
288 156 264 265
289 166 235 269
290 214 216 217
291 153 109 308
292 12 11 161
293 269 161 284
294 210 213 246
295 36 35 324
296 172 170 274
297 200 198 201
298 75 74 232
299 175 173 288
300 209 201 210
301 111 112 152
302 73 72 243
303 121 122 255
304 193 192 194
305 235 243 292
306 191 189 192
307 210 201 211
308 160 249 306
309 219 216 272
310 194 195 196
311 12 161 247
312 186 184 187
313 114 115 150
314 238 237 325
315 180 177 181
316 152 241 278
317 152 112 239
318 154 236 237
319 242 150 297
320 95 96 231
321 97 98 279
322 245 244 304
323 183 181 184
324 226 282 329
325 171 289 291
326 198 196 199
327 31 252 279
328 93 94 169
329 28 257 295
330 110 111 278
331 74 166 232
332 232 269 284
333 230 185 286
334 239 113 298
335 91 92 167
336 117 118 147
337 211 248 312
338 164 202 274
339 232 166 269
340 96 97 252
341 89 90 165
342 174 178 202
343 116 117 261
344 150 242 298
345 247 161 302
346 87 88 158
347 100 101 317
348 94 95 254
349 231 30 309
350 161 11 284
351 85 86 157
352 23 164 326
353 83 84 156
354 111 152 278
355 196 195 249
356 81 82 155
357 92 93 256
358 79 80 149
359 123 124 145
360 120 121 146
361 10 1 313
362 90 91 258
363 248 225 312
364 223 160 314
365 154 71 236
366 1 75 313
367 78 79 250
368 162 276 288
369 119 120 267
370 194 192 195
371 150 115 244
372 88 89 259
373 233 151 296
374 238 163 283
375 244 116 261
376 187 188 189
377 86 87 262
378 32 279 293
379 252 97 279
380 21 162 315
381 84 85 263
382 82 83 265
383 199 196 249
384 80 81 266
385 122 123 268
386 317 101 328
387 218 235 292
388 152 239 240
389 76 77 148
390 193 240 327
391 77 78 270
392 203 230 271
393 242 239 298
394 11 10 284
395 223 314 320
396 213 214 316
397 105 229 287
398 278 220 308
399 95 231 254
400 235 219 302
401 166 73 243
402 205 179 329
403 229 238 325
404 243 154 292
405 177 175 273
406 30 29 309
407 35 34 328
408 248 211 318
409 101 102 328
410 102 103 324
411 251 119 267
412 180 226 329
413 147 118 251
414 93 169 256
415 186 245 304
416 189 188 190
417 217 238 316
418 211 201 318
419 91 167 258
420 199 248 318
421 102 35 328
422 110 278 308
423 117 147 261
424 34 33 317
425 98 99 293
426 89 165 259
427 256 169 295
428 124 5 290
429 187 184 188
430 190 188 276
431 255 122 268
432 236 70 287
433 198 199 318
434 189 190 280
435 87 158 262
436 283 213 316
437 275 186 303
438 231 96 252
439 146 121 255
440 114 150 298
441 192 189 280
442 279 98 293
443 85 157 263
444 269 235 302
445 245 191 297
446 83 156 265
447 169 94 254
448 81 155 266
449 181 177 273
450 257 256 295
451 258 167 277
452 250 149 286
453 272 215 296
454 120 146 267
455 113 114 298
456 227 250 286
457 167 92 256
458 3 2 294
459 99 100 310
460 123 145 268
461 195 192 280
462 35 102 324
463 165 90 258
464 79 149 250
465 109 110 308
466 190 276 320
467 158 88 259
468 37 104 294
469 157 86 262
470 185 319 323
471 78 250 270
472 156 84 263
473 155 82 265
474 151 272 296
475 149 80 266
476 263 157 289
477 146 255 282
478 5 76 301
479 167 256 257
480 147 251 275
481 103 36 324
482 249 195 306
483 104 37 311
484 293 99 310
485 34 317 328
486 148 77 270
487 145 124 290
488 185 230 319
489 158 259 260
490 250 227 270
491 184 181 285
492 271 264 300
493 203 271 300
494 160 306 314
495 287 229 325
496 36 103 311
497 276 188 285
498 273 175 288
499 161 269 302
500 268 145 281
501 76 148 301
502 159 234 312
503 202 203 322
504 208 299 321
505 185 227 286
506 167 257 277
507 239 242 327
508 171 253 289
509 75 232 313
510 188 184 285
511 236 287 325
512 201 198 318
513 181 273 285
514 214 217 316
515 288 173 315
516 290 5 301
517 274 202 322
518 238 283 316
519 237 236 325
520 164 274 326
521 203 300 322
522 258 277 321
523 240 239 327
524 319 178 323
525 254 231 309
526 172 274 322
527 242 193 327
528 284 10 313
529 204 281 305
530 195 280 306
531 303 186 304
532 244 261 304
533 157 262 291
534 261 147 303
535 280 190 314
536 289 157 291
537 259 165 299
538 276 162 320
539 147 275 303
540 232 284 313
541 169 254 307
542 230 203 319
543 145 290 305
544 260 259 299
545 274 170 326
546 281 145 305
547 165 258 321
548 277 208 321
549 306 280 314
550 295 169 307
551 299 165 321
552 307 254 309
553 162 288 315
554 33 310 317
555 261 303 304
556 310 100 317
557 29 307 309
558 290 228 305
559 282 205 329
560 228 290 301
561 300 172 322
562 255 268 281
2 15 2 881
563 472 600 648
564 542 345 572
565 495 470 496
566 529 532 572
567 340 504 511
568 345 542 571
569 600 462 648
570 432 431 493
571 578 427 587
572 427 578 635
573 427 426 568
574 528 529 572
575 626 399 649
576 445 470 495
577 606 491 701
578 577 422 684
579 346 553 582
580 432 493 494
581 7 5 686
582 426 504 568
583 592 492 708
584 553 346 672
585 507 390 709
586 405 573 710
587 46 47 563
588 422 577 590
589 447 472 477
590 470 447 476
591 410 404 566
592 415 390 507
593 660 479 661
594 513 64 543
595 418 372 502
596 476 477 497
597 418 502 663
598 707 501 713
599 520 626 649
600 477 472 647
601 551 330 665
602 445 446 447
603 362 46 563
604 478 463 512
605 569 570 587
606 440 438 608
607 557 413 641
608 441 495 638
609 478 512 671
610 491 606 708
611 414 612 619
612 404 412 566
613 344 660 661
614 355 560 561
615 463 509 512
616 443 440 608
617 354 512 605
618 343 554 558
619 615 333 638
620 434 435 491
621 470 476 657
622 510 658 694
623 384 405 556
624 496 615 638
625 355 561 562
626 463 464 509
627 462 457 648
628 445 447 470
629 545 407 546
630 537 544 580
631 501 623 713
632 512 354 671
633 441 442 495
634 434 491 492
635 442 444 445
636 492 592 634
637 439 440 441
638 504 429 511
639 612 414 654
640 363 364 604
641 497 477 498
642 101 102 567
643 532 542 572
644 663 502 702
645 476 447 477
646 437 438 439
647 466 505 579
648 420 410 566
649 571 542 628
650 442 445 495
651 427 568 688
652 454 460 503
653 355 48 560
654 622 557 641
655 68 69 365
656 435 436 437
657 556 405 710
658 552 553 596
659 447 446 472
660 496 470 631
661 448 360 598
662 63 64 513
663 460 463 478
664 363 604 613
665 504 340 567
666 497 498 547
667 380 506 705
668 434 433 435
669 493 492 634
670 445 444 446
671 543 64 712
672 501 412 623
673 639 488 675
674 341 552 596
675 579 655 664
676 500 493 634
677 503 478 717
678 606 350 708
679 510 366 658
680 604 342 613
681 407 545 651
682 5 76 686
683 437 439 481
684 340 101 567
685 581 482 670
686 441 440 442
687 431 434 493
688 486 487 489
689 460 478 503
690 497 551 665
691 47 355 563
692 397 401 650
693 553 508 582
694 602 441 638
695 464 468 509
696 590 562 621
697 431 415 433
698 484 485 486
699 521 520 619
700 468 474 482
701 502 428 508
702 358 68 365
703 380 505 506
704 344 593 660
705 429 483 484
706 421 603 622
707 538 543 545
708 437 436 438
709 494 493 500
710 538 513 543
711 570 357 587
712 428 510 582
713 439 438 440
714 468 482 509
715 612 394 656
716 458 466 579
717 431 433 434
718 370 368 428
719 339 639 675
720 48 49 560
721 340 511 586
722 574 575 578
723 361 571 628
724 479 651 661
725 435 433 436
726 368 366 510
727 422 590 621
728 343 50 554
729 343 558 559
730 454 503 715
731 338 63 513
732 631 470 657
733 486 485 487
734 651 545 661
735 372 370 502
736 351 601 602
737 484 483 485
738 514 513 538
739 358 365 366
740 357 574 578
741 411 386 556
742 426 425 429
743 435 437 490
744 505 466 506
745 344 66 593
746 102 349 567
747 358 367 593
748 374 372 418
749 579 627 655
750 429 425 483
751 578 575 668
752 643 61 653
753 370 428 502
754 345 544 679
755 428 368 510
756 365 69 683
757 562 561 621
758 551 547 618
759 538 546 548
760 623 408 713
761 357 40 574
762 356 52 550
763 65 66 344
764 67 68 358
765 550 361 628
766 386 384 556
767 531 530 591
768 484 486 488
769 570 569 633
770 378 376 406
771 482 581 599
772 67 358 593
773 458 579 664
774 400 397 650
775 39 357 570
776 384 382 405
777 424 420 425
778 488 486 675
779 51 356 554
780 62 63 338
781 504 567 568
782 426 429 504
783 439 441 601
784 364 450 604
785 619 520 649
786 505 406 579
787 602 333 610
788 482 474 670
789 433 415 507
790 425 420 566
791 51 52 356
792 572 345 679
793 460 461 463
794 540 643 653
795 541 612 656
796 412 402 623
797 350 592 708
798 574 348 575
799 424 425 426
800 481 439 716
801 538 545 546
802 338 513 514
803 450 471 604
804 132 133 581
805 39 40 357
806 476 497 665
807 439 601 716
808 508 428 582
809 367 366 368
810 430 415 431
811 38 39 570
812 450 452 471
813 388 386 411
814 553 552 725
815 635 578 668
816 534 531 591
817 442 443 444
818 52 53 550
819 575 576 577
820 408 396 630
821 524 521 619
822 333 602 638
823 357 578 587
824 520 518 626
825 618 547 723
826 514 538 548
827 102 103 349
828 435 490 491
829 369 368 370
830 56 57 345
831 49 50 343
832 49 343 560
833 54 55 361
834 412 501 693
835 361 550 678
836 345 57 544
837 100 101 340
838 454 456 460
839 601 351 716
840 57 58 544
841 429 484 511
842 40 41 574
843 361 55 571
844 536 534 557
845 41 348 574
846 522 523 624
847 582 510 703
848 351 602 610
849 464 467 468
850 351 609 716
851 371 370 372
852 557 534 591
853 59 60 337
854 99 586 639
855 56 345 571
856 497 547 551
857 378 406 505
858 337 643 644
859 468 469 474
860 50 51 554
861 355 562 563
862 544 58 580
863 55 56 571
864 570 633 699
865 545 543 661
866 42 43 585
867 360 359 598
868 58 59 580
869 629 416 711
870 406 376 722
871 392 390 415
872 544 537 679
873 474 475 552
874 622 603 676
875 59 337 580
876 548 546 629
877 362 563 724
878 597 347 598
879 47 48 355
880 405 382 705
881 139 140 588
882 99 100 586
883 398 396 408
884 575 348 576
885 100 340 586
886 373 372 374
887 38 570 699
888 518 516 549
889 97 98 339
890 483 425 566
891 66 67 593
892 41 42 348
893 96 565 584
894 549 548 629
895 563 562 564
896 404 402 412
897 487 485 501
898 96 97 565
899 560 559 561
900 375 377 636
901 45 46 362
902 43 44 620
903 413 557 696
904 382 380 705
905 407 375 636
906 419 410 420
907 337 60 643
908 567 349 568
909 564 562 590
910 94 95 335
911 411 556 608
912 423 420 424
913 541 524 612
914 376 374 616
915 558 554 706
916 561 559 603
917 64 65 712
918 584 565 611
919 348 42 585
920 358 366 367
921 376 616 722
922 475 702 725
923 523 526 624
924 585 43 620
925 546 407 636
926 437 481 490
927 674 620 724
928 343 559 560
929 126 127 353
930 532 539 542
931 526 528 537
932 609 583 716
933 566 412 693
934 399 626 659
935 401 413 650
936 549 629 711
937 128 129 346
938 131 132 341
939 61 62 653
940 601 441 602
941 516 514 548
942 552 341 670
943 94 335 592
944 448 598 667
945 637 650 696
946 92 93 350
947 414 619 649
948 134 135 336
949 620 362 724
950 342 604 685
951 367 368 369
952 392 415 430
953 125 126 594
954 374 418 616
955 576 348 585
956 647 472 648
957 511 488 586
958 127 128 595
959 591 530 637
960 436 433 507
961 463 461 464
962 380 378 505
963 97 339 565
964 98 99 639
965 430 431 432
966 525 541 645
967 614 496 631
968 460 456 461
969 581 133 599
970 136 137 354
971 130 131 596
972 612 524 619
973 516 548 549
974 369 370 371
975 432 499 642
976 424 426 427
977 133 134 599
978 644 522 700
979 103 104 727
980 135 136 605
981 509 482 690
982 95 96 584
983 421 622 641
984 554 356 706
985 484 488 511
986 537 580 720
987 586 488 639
988 526 537 624
989 536 557 622
990 371 372 373
991 555 573 680
992 138 139 332
993 518 549 626
994 468 467 469
995 142 143 613
996 579 406 627
997 89 90 583
998 341 132 581
999 419 420 423
1000 594 365 683
1001 515 514 516
1002 611 500 718
1003 555 473 600
1004 137 138 607
1005 483 566 693
1006 375 374 376
1007 93 94 592
1008 446 444 555
1009 495 496 638
1010 583 481 716
1011 8 54 678
1012 442 440 443
1013 90 91 334
1014 432 494 499
1015 474 469 475
1016 356 640 706
1017 480 616 632
1018 408 630 642
1019 472 446 600
1020 535 534 536
1021 616 418 632
1022 492 491 708
1023 528 572 679
1024 608 438 652
1025 87 88 351
1026 517 516 518
1027 459 647 648
1028 533 531 534
1029 529 527 530
1030 508 553 725
1031 525 524 541
1032 91 92 606
1033 519 518 520
1034 126 353 594
1035 353 127 595
1036 522 624 700
1037 366 365 658
1038 629 546 636
1039 523 521 524
1040 85 86 333
1041 409 417 421
1042 576 585 674
1043 434 492 493
1044 84 85 615
1045 561 603 621
1046 128 346 595
1047 489 487 662
1048 591 637 696
1049 86 87 610
1050 398 408 623
1051 330 617 665
1052 542 539 628
1053 88 89 609
1054 82 83 352
1055 661 543 712
1056 330 551 719
1057 338 514 515
1058 552 475 725
1059 60 61 643
1060 131 341 596
1061 499 662 707
1062 377 376 378
1063 423 424 635
1064 92 350 606
1065 576 674 721
1066 417 410 419
1067 527 525 645
1068 44 9 687
1069 401 403 413
1070 550 53 678
1071 80 81 330
1072 411 652 709
1073 496 614 615
1074 446 555 600
1075 336 135 605
1076 373 374 375
1077 409 404 410
1078 134 336 599
1079 83 84 614
1080 77 78 347
1081 383 382 384
1082 9 45 687
1083 76 77 597
1084 387 386 388
1085 6 125 683
1086 559 558 676
1087 535 536 558
1088 385 384 386
1089 140 141 625
1090 436 507 652
1091 568 349 569
1092 512 509 695
1093 587 427 688
1094 652 507 709
1095 659 626 711
1096 417 419 422
1097 389 388 390
1098 78 79 618
1099 533 534 535
1100 395 393 396
1101 136 354 605
1102 403 402 404
1103 394 612 654
1104 141 142 342
1105 379 378 380
1106 81 82 617
1107 391 390 392
1108 409 410 417
1109 529 530 531
1110 401 398 402
1111 529 531 532
1112 397 396 398
1113 354 137 607
1114 611 489 691
1115 532 533 539
1116 332 139 588
1117 637 530 645
1118 403 404 409
1119 53 8 678
1120 395 397 400
1121 637 400 650
1122 526 527 528
1123 523 525 526
1124 592 335 634
1125 402 398 623
1126 617 657 665
1127 356 550 673
1128 424 427 635
1129 391 393 394
1130 346 582 703
1131 464 465 467
1132 573 405 680
1133 515 516 517
1134 381 380 382
1135 523 524 525
1136 138 332 607
1137 532 531 533
1138 346 129 672
1139 502 508 702
1140 69 6 683
1141 387 389 414
1142 89 583 609
1143 387 388 389
1144 528 527 529
1145 486 489 675
1146 385 386 387
1147 409 421 641
1148 401 402 403
1149 339 98 639
1150 392 430 630
1151 389 390 391
1152 517 518 519
1153 444 443 573
1154 519 520 521
1155 390 388 709
1156 530 527 645
1157 397 398 401
1158 62 338 653
1159 649 399 682
1160 519 521 522
1161 526 525 527
1162 391 392 393
1163 588 140 625
1164 702 508 725
1165 383 385 399
1166 474 552 670
1167 383 384 385
1168 369 371 479
1169 643 540 644
1170 395 396 397
1171 394 393 395
1172 603 421 681
1173 85 333 615
1174 515 517 540
1175 452 454 715
1176 501 485 693
1177 144 7 331
1178 375 376 377
1179 454 455 456
1180 344 661 712
1181 593 367 660
1182 547 498 667
1183 335 95 584
1184 498 647 669
1185 575 577 668
1186 90 334 583
1187 522 521 523
1188 452 453 454
1189 491 490 701
1190 87 351 610
1191 347 618 723
1192 569 587 688
1193 381 382 383
1194 590 577 721
1195 506 473 680
1196 662 487 707
1197 500 611 691
1198 450 451 452
1199 379 381 416
1200 396 393 630
1201 498 477 647
1202 469 467 632
1203 365 594 658
1204 580 337 720
1205 443 608 710
1206 377 378 379
1207 373 375 407
1208 350 93 592
1209 364 449 450
1210 338 515 653
1211 565 339 726
1212 104 633 727
1213 413 403 641
1214 130 596 672
1215 604 471 685
1216 464 461 465
1217 480 465 627
1218 597 359 686
1219 599 336 690
1220 430 432 642
1221 438 436 652
1222 393 392 630
1223 489 662 691
1224 379 380 381
1225 395 400 656
1226 522 644 698
1227 473 462 600
1228 537 528 679
1229 594 353 658
1230 499 494 662
1231 648 457 666
1232 558 536 676
1233 467 465 480
1234 539 533 640
1235 403 409 641
1236 533 535 640
1237 129 130 672
1238 359 597 598
1239 598 347 723
1240 482 599 690
1241 104 3 699
1242 647 459 669
1243 584 611 718
1244 334 91 606
1245 637 645 704
1246 82 352 617
1247 454 453 455
1248 603 559 676
1249 391 394 654
1250 620 44 687
1251 331 360 363
1252 577 576 721
1253 452 451 453
1254 455 453 457
1255 473 555 680
1256 371 373 651
1257 515 540 653
1258 640 356 673
1259 351 88 609
1260 422 419 684
1261 448 667 669
1262 630 430 642
1263 333 86 610
1264 555 444 573
1265 364 360 448
1266 383 399 659
1267 466 462 473
1268 595 346 703
1269 332 588 589
1270 80 330 719
1271 394 395 656
1272 467 480 632
1273 617 352 657
1274 363 360 364
1275 141 342 625
1276 77 347 597
1277 417 422 681
1278 422 621 681
1279 605 512 695
1280 352 83 614
1281 342 142 613
1282 451 449 459
1283 636 377 689
1284 387 414 682
1285 596 553 672
1286 614 84 615
1287 450 449 451
1288 367 369 660
1289 466 473 506
1290 588 625 646
1291 459 648 666
1292 458 457 462
1293 475 469 663
1294 674 564 721
1295 589 588 646
1296 347 78 618
1297 487 501 707
1298 389 391 654
1299 458 462 466
1300 414 389 654
1301 519 522 698
1302 3 38 699
1303 352 614 631
1304 461 456 655
1305 330 81 617
1306 423 635 668
1307 400 637 704
1308 621 603 681
1309 485 483 693
1310 411 608 652
1311 481 583 697
1312 337 644 700
1313 414 649 682
1314 479 371 651
1315 642 499 713
1316 369 479 660
1317 455 457 458
1318 377 379 689
1319 339 675 726
1320 143 144 692
1321 364 448 449
1322 613 143 692
1323 490 481 697
1324 627 465 655
1325 629 636 689
1326 535 558 706
1327 373 407 651
1328 54 361 678
1329 585 620 674
1330 341 581 670
1331 658 353 694
1332 539 640 673
1333 45 362 687
1334 557 591 696
1335 634 335 718
1336 645 541 704
1337 667 498 669
1338 79 80 719
1339 469 632 663
1340 569 349 727
1341 354 607 671
1342 388 411 709
1343 618 79 719
1344 337 700 720
1345 633 569 727
1346 550 628 673
1347 626 549 711
1348 494 500 691
1349 416 381 659
1350 381 383 659
1351 423 668 684
1352 362 620 687
1353 399 385 682
1354 331 363 692
1355 608 556 710
1356 536 622 676
1357 628 539 673
1358 65 344 712
1359 478 671 677
1360 465 461 655
1361 352 631 657
1362 456 455 664
1363 644 540 698
1364 540 517 698
1365 471 452 715
1366 668 577 684
1367 457 453 666
1368 506 680 705
1369 416 629 689
1370 419 423 684
1371 421 417 681
1372 480 627 722
1373 500 634 718
1374 379 416 689
1375 655 456 664
1376 616 480 722
1377 632 418 663
1378 564 590 721
1379 459 449 669
1380 125 594 683
1381 385 387 682
1382 359 7 686
1383 563 564 724
1384 541 656 704
1385 353 595 694
1386 475 663 702
1387 76 597 686
1388 509 690 695
1389 568 569 688
1390 471 646 685
1391 449 448 669
1392 331 7 359
1393 667 598 723
1394 478 677 717
1395 607 332 677
1396 455 458 664
1397 627 406 722
1398 349 103 727
1399 657 476 665
1400 453 451 666
1401 633 104 699
1402 336 605 695
1403 517 519 698
1404 662 494 691
1405 331 359 360
1406 363 613 692
1407 451 459 666
1408 624 537 720
1409 671 607 677
1410 332 589 677
1411 144 331 692
1412 489 611 726
1413 551 618 719
1414 625 342 685
1415 573 443 710
1416 611 565 726
1417 646 625 685
1418 583 334 697
1419 656 400 704
1420 640 535 706
1421 335 584 718
1422 650 413 696
1423 646 471 714
1424 334 606 701
1425 697 334 701
1426 589 646 714
1427 564 674 724
1428 589 714 717
1429 690 336 695
1430 547 667 723
1431 675 489 726
1432 416 659 711
1433 490 697 701
1434 694 595 703
1435 408 642 713
1436 714 471 715
1437 499 707 713
1438 510 694 703
1439 680 405 705
1440 677 589 717
1441 714 503 717
1442 700 624 720
1443 503 714 715 