0 1 0 1
1
0 0 0
0 2 0 1
2
0.01416 0 0
0 3 0 1
3
0.01416 0.001 0
0 4 0 1
4
0 0.001 0
0 5 0 1
5
0.00236 0.001 0
0 6 0 1
6
0 0.001035 0
0 7 0 1
7
0.00236 0.001035 0
0 8 0 1
8
0 0.012 0
0 9 0 1
9
0.01416 0.012 0
1 1 0 28
10
11
12
13
14
15
16
17
18
19
20
21
22
23
24
25
26
27
28
29
30
31
32
33
34
35
36
37
0.0001029725262867077 0 0
0.0002157995520255013 0 0
0.0003394241726716741 0 0
0.0004748797126463609 0 0
0.0006232984308435774 0 0
0.000785920873210349 0 0
0.0009641063907829522 0 0
0.001159344297065359 0 0
0.001373266528426058 0 0
0.001607661262643113 0 0
0.001864487672292055 0 0
0.002145892453039768 0 0
0.002454227833679864 0 0
0.002792071087871414 0 0
0.003162246025900189 0 0
0.003567846807371397 0 0
0.004012263844042996 0 0
0.004499211734436541 0 0
0.00503276083280014 0 0
0.005617370745181604 0 0
0.006257928130482489 0 0
0.006959787194355571 0 0
0.007728814403420379 0 0
0.008571437842755969 0 0
0.009494700706563138 0 0
0.01050632015909488 0 0
0.0116147521748923 0 0
0.01282926152374572 0 0
1 3 0 7
38
39
40
41
42
43
44
0.01416 0.002340583545972543 0
0.01416 0.003690858672789743 0
0.01416 0.005050895954448748 0
0.01416 0.006420765711226714 0
0.01416 0.007800539225095907 0
0.01416 0.009190287882235783 0
0.01416 0.01059008409940401 0
1 4 0 9
45
46
47
48
49
50
51
52
53
0.01274400000000264 0.012 0
0.01132800000000582 0.012 0
0.009912000000009956 0.012 0
0.008496000000013749 0.012 0
0.007080000000018624 0.012 0
0.0056640000000149 0.012 0
0.004248000000011515 0.012 0
0.002832000000007448 0.012 0
0.001416000000003453 0.012 0
1 5 0 16
54
55
56
57
58
59
60
61
62
63
64
65
66
67
68
69
0 0.01065870846254824 0
0 0.009455675495678252 0
0 0.008376650237985887 0
0 0.007408849806460204 0
0 0.00654080949828686 0
0 0.005762245861201712 0
0 0.005063935826085422 0
0 0.004437606986063702 0
0 0.003875839548729358 0
0 0.003371978511367767 0
0 0.002920055077781879 0
0 0.002514715463953061 0
0 0.00215115783340343 0
0 0.001825075449905499 0
0 0.001532605258629147 0
0 0.001270282657839157 0
1 7 0 6
70
71
72
73
74
75
0 0.0007996761060849965 0
0 0.0006224777665416483 0
0 0.0004657353676466552 0
0 0.0003270874486670378 0
0 0.0002044451673789556 0
0 9.59608165311518e-05 0
1 8 0 29
76
77
78
79
80
81
82
83
84
85
86
87
88
89
90
91
92
93
94
95
96
97
98
99
100
101
102
103
104
0.002408847901068918 0.001 0
0.002463559977097844 0.001 0
0.002524840239448065 0.001 0
0.002593477187040563 0.001 0
0.00267035399607228 0.001 0
0.002756459856747107 0.001 0
0.002852902728241688 0.001 0
0.002960923547828451 0.001 0
0.003081912257167994 0.001 0
0.003217425641203014 0.001 0
0.003369207416961542 0.001 0
0.003539210590482241 0.001 0
0.003729622599581906 0.001 0
0.003942893546602724 0.001 0
0.004181767673887233 0.001 0
0.004449318584202602 0.001 0
0.004748988987864329 0.001 0
0.005084634868982702 0.001 0
0.005460574908931131 0.001 0
0.005881646487062834 0.001 0
0.006353267733592973 0.001 0
0.006881507006773175 0.001 0
0.007473161446712098 0.001 0
0.008135843926710799 0.001 0
0.008878081433325403 0.001 0
0.009709424298338558 0.001 0
0.0106405699552874 0.001 0
0.01168349950371686 0.001 0
0.01285163261693269 0.001 0
1 9 0 20
105
106
107
108
109
110
111
112
113
114
115
116
117
118
119
120
121
122
123
124
0.0002176411581831798 0.001 0
0.0004192255161396713 0.001 0
0.0006059376401229473 0.001 0
0.0007788747685107737 0.001 0
0.0009390531659223284 0.001 0
0.001087414127700569 0.001 0
0.001224829520842745 0.001 0
0.001352106852870141 0.001 0
0.001469994089715973 0.001 0
0.001579184006633688 0.001 0
0.001680318260970535 0.001 0
0.001773991159338139 0.001 0
0.001860753183943024 0.001 0
0.001941114190996337 0.001 0
0.002015546421757511 0.001 0
0.002084487296923512 0.001 0
0.002148341944645363 0.001 0
0.002207485605767326 0.001 0
0.002262265848671165 0.001 0
0.002313004594398146 0.001 0
1 10 0 20
125
126
127
128
129
130
131
132
133
134
135
136
137
138
139
140
141
142
143
144
0.0002176411581831798 0.001035 0
0.0004192255161396713 0.001035 0
0.0006059376401229473 0.001035 0
0.0007788747685107737 0.001035 0
0.0009390531659223284 0.001035 0
0.001087414127700569 0.001035 0
0.001224829520842745 0.001035 0
0.001352106852870141 0.001035 0
0.001469994089715973 0.001035 0
0.001579184006633688 0.001035 0
0.001680318260970535 0.001035 0
0.001773991159338139 0.001035 0
0.001860753183943024 0.001035 0
0.001941114190996337 0.001035 0
0.002015546421757511 0.001035 0
0.002084487296923512 0.001035 0
0.002148341944645363 0.001035 0
0.002207485605767326 0.001035 0
0.002262265848671165 0.001035 0
0.002313004594398146 0.001035 0
2 13 0 185
145
146
147
148
149
150
151
152
153
154
155
156
157
158
159
160
161
162
163
164
165
166
167
168
169
170
171
172
173
174
175
176
177
178
179
180
181
182
183
184
185
186
187
188
189
190
191
192
193
194
195
196
197
198
199
200
201
202
203
204
205
206
207
208
209
210
211
212
213
214
215
216
217
218
219
220
221
222
223
224
225
226
227
228
229
230
231
232
233
234
235
236
237
238
239
240
241
242
243
244
245
246
247
248
249
250
251
252
253
254
255
256
257
258
259
260
261
262
263
264
265
266
267
268
269
270
271
272
273
274
275
276
277
278
279
280
281
282
283
284
285
286
287
288
289
290
291
292
293
294
295
296
297
298
299
300
301
302
303
304
305
306
307
308
309
310
311
312
313
314
315
316
317
318
319
320
321
322
323
324
325
326
327
328
329
0.002287480517529627 0.0009560288110206999 0
0.002110818037890936 0.0009370067867575292 0
0.001900150237700653 0.0009312880166468631 0
0.002433180234162029 0.0009409306397942903 0
0.002628948220629564 0.0009250366343183824 0
0.001610134342894277 0.0009136586822768014 0
0.0005582832981373877 0.000123833682029253 0
0.00128273152278988 0.0008905992595615938 0
0.0008825879003564812 0.0008573248795457042 0
0.0001202321435370063 0.0005406886129690164 0
0.002808155698746843 0.0009172774043196788 0
0.003005619848278546 0.0008853580165924078 0
0.003293316529082277 0.0008755975466172391 0
0.003621593513285192 0.0008225538393180772 0
0.0008728297240546318 0.0001454247938742231 0
0.001490463895534585 0.0001941269405689441 0
0.0002702598752419085 9.886066201096933e-05 0
0.002012064841904341 0.0001948632574214777 0
0.0005033940618674942 0.0008484943455557006 0
0.002621024484413688 0.0002749647721815429 0
0.004061448279172238 0.0008117152243699721 0
0.0001044117641530849 0.0002635664625248159 0
0.004599153786033467 0.0007543859662639226 0
0.003351208789121275 0.0003050643156795923 0
0.005272604888956918 0.0006918742576904008 0
0.003040234135417394 0.000341159105291095 0
0.003194039572020719 0.0005717498621533251 0
0.002932689972469069 0.0005475270798910465 0
0.00234743550200905 0.0002926080276748166 0
0.00245124721966435 0.0004759978385276996 0
0.002256304469180376 0.0004831542183772502 0
0.002358099656531387 0.0006427332462505321 0
0.002177456844845707 0.0006319218633152984 0
0.002533411179497352 0.0006313513904411556 0
0.002246483639791838 0.0007596973198798753 0
0.002110292746090369 0.0007443384606381431 0
0.002038436204886319 0.0006414171435846699 0
0.002367628822880356 0.0007683845942560261 0
0.001983755159417535 0.0007550064205222386 0
0.001906002808439913 0.0006542622684317236 0
0.002531507770429819 0.0008023325837766039 0
0.00185328086429148 0.000778180651748871 0
0.001769858342208362 0.0006691680931025068 0
0.001827405062763063 0.0005371842104948612 0
0.001680765929749569 0.0005566940729132884 0
0.001748630907544969 0.0004166906351479294 0
0.001635961549264976 0.0006857471259658975 0
0.001535287559954181 0.0005794615482133832 0
0.001483239160696321 0.0007198324564705829 0
0.001387787477912521 0.0006112317747249363 0
0.001437444687910715 0.0004659902329194653 0
0.001284200070849988 0.0004882584117650341 0
0.001237335013867174 0.0006364660678992316 0
0.001135945017951679 0.0005272243953760509 0
0.001169253330773968 0.0003604508586479446 0
0.001089762205174409 0.0006663894894074897 0
0.000986825129543724 0.0005595609879101653 0
0.002640649786492929 0.0005078208762504407 0
0.002685884932203217 0.0006710617937178876 0
0.002314178215058153 0.0008529184220081555 0
0.002214897748187444 0.000857570280046909 0
0.003480749931578759 0.0006068746519250039 0
0.003741476395428042 0.0003689603404105284 0
0.004129633225849503 0.0003532091618035963 0
0.0009371573101556599 0.0006970601448993741 0
0.000834396720288939 0.0005827378115618796 0
0.0009019309930105528 0.0004206270239475112 0
0.0007348661716942255 0.0004600087282622773 0
0.0006702971867275816 0.0005977110772783054 0
0.0005759279388555059 0.000496745646317239 0
0.0006226747352123992 0.0003536958172643767 0
0.0004719604499771322 0.0003897830205294004 0
0.0004285290465474463 0.0005321311858662676 0
0.0003310104055758938 0.0004308623798247697 0
0.0003754065860259466 0.0002837957402179257 0
0.001047099853212439 0.0008013636166016212 0
0.001266305412745708 0.0001771715367074334 0
0.002419202009070654 0.0008521868260467959 0
0.001695955479680954 0.0001640023243117858 0
0.0006877047349288426 0.000857479759379047 0
0.001051864583737184 0.000183278734184752 0
0.002059570029050945 0.0008578064544686251 0
0.002503332753459324 0.0008893446121151035 0
0.002366873641173375 0.0009138606027429163 0
0.0003269285615091665 0.0008567893841915275 0
0.002645870343844461 0.0008177036986444875 0
0.006117457110327904 0.0006134526680333786 0
8.852735431556857e-05 0.0001502029919550537 0
0.0007096952916341876 0.0001313712461038844 0
0.0007688874569164395 0.0002870003302526278 0
0.0002336205846979178 0.0003136874535550369 0
0.0001316512318464221 0.0006948929994218581 0
0.0002707490625097978 0.0005928613719845058 0
0.0004099770960108336 0.0006966914390776582 0
0.001418036298187281 0.0008921381504448544 0
0.001349541905967967 0.0007710816034795617 0
0.001193765387547254 0.0007765900387348962 0
0.001519558833705933 0.0008418982478718943 0
0.0001063655003165782 0.0003883537543955375 0
0.001715997163914577 0.0008977490954824174 0
0.001727072383353363 0.0007854669078689629 0
0.000763596388060498 0.0007168981250879232 0
0.0004038499682812851 0.0001377416577280596 0
0.001017255151075345 0.0003344138141131164 0
0.001357325035546351 0.000336803514624752 0
0.00255593190602239 0.0009397599699681198 0
0.001978330306376922 0.0009321332047716094 0
0.006624546900379125 0.0005222576974034332 0
0.00303257470676269 0.0007201973557692656 0
0.005663282817926928 0.0006673089749056316 0
0.002189570358002584 0.0009335761608496546 0
0.004918862564574513 0.0007155301549492569 0
0.004761797752218248 0.0003887636863186076 0
0.00431476010926391 0.000778560507355869 0
0.003833203602403953 0.0008248932984904571 0
0.003719740011832519 0.0006396749468786057 0
0.001815991154372498 0.0009251404299491207 0
0.003451541843617323 0.000864422839592873 0
0.003139254980197917 0.0008706446166472583 0
0.002895003423889053 0.0008119204612111997 0
0.00290545695249968 0.0009137081038812455 0
0.00271472628169682 0.0009099769723955278 0
0.002049750418399965 0.0009453892891995528 0
0.002242182107406574 0.0009586577553799483 0
0.0001930076694858822 0.00018518658589239 0
0.00249616902203793 0.0009540070443755027 0
0.002761917543530726 0.0008000994575498994 0
0.0005068557338950093 0.0002541210177837981 0
0.00209270788826042 0.0005117251442313442 0
0.002795399392264269 0.0003944814494663491 0
0.001939621422398331 0.0008534719142985795 0
0.001946081915924446 0.0003993317241788395 0
0.004423429942601522 0.0004975533837099253 0
0.001145686480613847 0.0008965172474173519 0
0.007245386606391965 0.0005123811413253016 0
0.001589564936957965 0.0004448169477528748 0
0.002263128356862047 0.0009058887880539831 0
0.002146465235245599 0.0008819557034154035 0
0.0005926048853828059 0.0007201025011338175 0
0.0001593860391561045 8.122144325399301e-05 0
0.001962126776054832 0.0005487840981842876 0
0.002580516762813704 0.0008668427491025033 0
0.0001543942617622714 0.0008475844895594147 0
0.002128795688590917 0.0003473162278725424 0
0.003204391492196406 0.0007542913123944313 0
0.002336502297199077 0.0009595345886931514 0
0.003343402387602442 0.0007339406816786937 0
0.0002089657314144687 0.0004535292259522614 0
0.007943601151001553 0.0005131945304247412 0
0.0135002235351696 0.0005 0
0.005086716552461703 0.0004367698090982107 0
0.0006312730745841326 0.0002306844608807273 0
0.001620517007859258 0.0008009042037205769 0
0.001524589048174829 0.0009290953338343181 0
0.003943157317395443 0.0006010269069574256 0
0.002821864580803961 0.0006726564150106152 0
0.00238108081472068 0.0009628651662460715 0
0.0002971179260620512 0.0002037761576447607 0
0.001858291384509821 0.0008686939485151214 0
0.001785462323935614 0.0008542583355081637 0
0.002313632605564455 0.0009176462425037812 0
0.001500905986857302 0.0003466608486184157 0
0.005420702406647201 0.0003526116410538676 0
0.001013233646811449 0.0009174554943039337 0
0.005851478602555922 0.0003197168046289624 0
0.008524108439784669 0.000590946173729242 0
0.01224478645482189 0.0005 0
0.0009170903606012866 0.0002686456765204808 0
7.489118165738419e-05 7.309548829557817e-05 0
0.001646261176662895 0.0003029455592589338 0
0.002217683263844788 0.0001669575025937673 0
0.0005260561223995628 0.0006052849067472981 0
0.009091577845129624 0.0004415363382214685 0
0.001041329529756674 0.0004490190620690811 0
0.002586552182462011 0.0007302060908583278 0
0.00184342127308784 0.0002500558768319229 0
0.004173442389686408 0.0006077084697913939 0
0.002774012871548049 0.0005544984300529001 0
0.002466682771521524 0.0007348344253118595 0
0.01111128544824786 0.0005 0
0.0002562842073868874 0.0007367309399358823 0
0.002872581045295164 0.0002005945543045812 0
0.001441142726534045 0.0008041750079155928 0
0.01000051043282901 0.0004144438292537152 0
0.002156781382754145 0.0008163077943400376 0
2 15 0 398
330
331
332
333
334
335
336
337
338
339
340
341
342
343
344
345
346
347
348
349
350
351
352
353
354
355
356
357
358
359
360
361
362
363
364
365
366
367
368
369
370
371
372
373
374
375
376
377
378
379
380
381
382
383
384
385
386
387
388
389
390
391
392
393
394
395
396
397
398
399
400
401
402
403
404
405
406
407
408
409
410
411
412
413
414
415
416
417
418
419
420
421
422
423
424
425
426
427
428
429
430
431
432
433
434
435
436
437
438
439
440
441
442
443
444
445
446
447
448
449
450
451
452
453
454
455
456
457
458
459
460
461
462
463
464
465
466
467
468
469
470
471
472
473
474
475
476
477
478
479
480
481
482
483
484
485
486
487
488
489
490
491
492
493
494
495
496
497
498
499
500
501
502
503
504
505
506
507
508
509
510
511
512
513
514
515
516
517
518
519
520
521
522
523
524
525
526
527
528
529
530
531
532
533
534
535
536
537
538
539
540
541
542
543
544
545
546
547
548
549
550
551
552
553
554
555
556
557
558
559
560
561
562
563
564
565
566
567
568
569
570
571
572
573
574
575
576
577
578
579
580
581
582
583
584
585
586
587
588
589
590
591
592
593
594
595
596
597
598
599
600
601
602
603
604
605
606
607
608
609
610
611
612
613
614
615
616
617
618
619
620
621
622
623
624
625
626
627
628
629
630
631
632
633
634
635
636
637
638
639
640
641
642
643
644
645
646
647
648
649
650
651
652
653
654
655
656
657
658
659
660
661
662
663
664
665
666
667
668
669
670
671
672
673
674
675
676
677
678
679
680
681
682
683
684
685
686
687
688
689
690
691
692
693
694
695
696
697
698
699
700
701
702
703
704
705
706
707
708
709
710
711
712
713
714
715
716
717
718
719
720
721
722
723
724
725
726
727
0.00270151537285384 0.001064714234236366 0
0.002331090816246238 0.001076466803422141 0
0.001977812791035762 0.001098026661126541 0
0.003298910814574675 0.001128400515235305 0
0.004316137558704592 0.001207212453257678 0
0.005663788863838494 0.001321703687409683 0
0.001630405740445169 0.001118656299898604 0
0.0006052326389039513 0.005413588253100982 0
0.0004103648576700078 0.003622720127288853 0
0.007100311324308781 0.001463735364974174 0
0.009279331025960982 0.001718043776876969 0
0.001288468186856443 0.001141159372376037 0
0.00217829109133073 0.001091222121753624 0
0.006312388342874111 0.01077504962289304 0
0.0002554978914223658 0.002280048254886039 0
0.0008767630490539371 0.007871399476252025 0
0.0008743242186009785 0.001185425796300742 0
0.002494200108272954 0.00105022615584035 0
0.01297803844919476 0.007097099098010529 0
0.01113539690207484 0.001836802822542356 0
0.004915702293050135 0.001234868193068744 0
0.003636723298145478 0.001195726438698748 0
0.002906913138035071 0.001088535375313988 0
0.0005119195848186061 0.00118512400675015 0
0.00181374976364619 0.001113237539777806 0
0.009070332162212254 0.01067820143779341 0
0.003623015837433337 0.01074783748112741 0
0.01301539192471481 0.004407445583442571 0
0.0002329651590731423 0.001682322807750556 0
0.002384967428721813 0.001072521268412704 0
0.002353797768249386 0.001126556362853515 0
0.0009881601976931055 0.01005719197911324 0
0.01201148243743591 0.0108737210237751 0
0.002288507709213178 0.001118465121385065 0
0.002304475370089265 0.001187349463013367 0
0.0002256066515241621 0.001396807443196651 0
0.0004488286932914342 0.001555113143263795 0
0.0004595348571623545 0.001800594837875228 0
0.0006705165425417072 0.001670666713434148 0
0.0006788418522903881 0.001906618773059599 0
0.0008805827253213251 0.001780856557761189 0
0.0008919431464848046 0.002023037493932925 0
0.001094359060272659 0.001894387956023392 0
0.001106565704212457 0.002138235871745539 0
0.001308927453101551 0.002009325752076097 0
0.001325131120845994 0.002253194020503699 0
0.001552877093281615 0.002087233810058768 0
0.001565250187522443 0.002398029190479251 0
0.001789345503027819 0.002241163385453249 0
0.001811813918654314 0.002545750943893877 0
0.002114731395076034 0.002356387967568742 0
0.002090612522976882 0.002700524935438013 0
0.00240904348131858 0.002536474774920399 0
0.002404136834345393 0.002890708764548828 0
0.002737576530572401 0.002687252963993733 0
0.002738318730574064 0.003083285918803346 0
0.003100974416532127 0.002865798236693203 0
0.003124827597756584 0.00330453515371755 0
0.003487406959636872 0.003069823440815582 0
0.003530365434518576 0.003542931794220249 0
0.003945778764437983 0.003194274302634499 0
0.003986337546187756 0.003800294823921986 0
0.004450727673140448 0.00350759669339722 0
0.00449289180574157 0.004101597670734891 0
0.003968487716922736 0.004374771760987518 0
0.004520271776681671 0.004736677802098967 0
0.005085661516320865 0.004389563146145358 0
0.005110998870868752 0.00512693365077293 0
0.005742703593048272 0.004704370764320763 0
0.002426062017671353 0.003298914726867318 0
0.004498834722780335 0.005456447715254274 0
0.005773952936908031 0.005517563545588212 0
0.006471529418217205 0.005048109441433735 0
0.006522052335306039 0.005893084276168926 0
0.007299128097596357 0.005373637723356824 0
0.002753945012270262 0.002334512558987853 0
0.001794637919360432 0.001984235773252745 0
0.001091137150278212 0.002430541639330552 0
0.005570315222049685 0.004019533465482498 0
0.007335439404800169 0.006339871328710113 0
0.008175668664581616 0.005775888107337192 0
0.003420005328061331 0.002633108904024942 0
0.007200791751357721 0.00451127723259407 0
0.005767354316429153 0.006335376602082704 0
0.003086231703449668 0.003857666458673644 0
0.004433660150221339 0.002941091042999775 0
0.001797549447679491 0.002855759675191342 0
0.008196895573717916 0.006802932061377502 0
0.001286602455489917 0.0017859552001191 0
0.009067834165061323 0.00623417581230756 0
0.009028157862548555 0.0051822968681858 0
0.00731485323098648 0.007367013442983694 0
0.009251669838616056 0.007297475253890159 0
0.009940705853483044 0.005613454360405365 0
0.009871274959020479 0.00459914764705836 0
0.008969190665877895 0.004150974316558801 0
0.009778157450372754 0.003591942215289085 0
0.01071190980707707 0.004004328896207211 0
0.0008731027133757447 0.001556291993569225 0
0.00888132232213984 0.003191456221838502 0
0.004914361903691782 0.003209407303518129 0
0.004863587695617103 0.002642572865316288 0
0.005356768019320583 0.002835731946557752 0
0.004424727437441231 0.002428585636717662 0
0.004771949779360991 0.002121625023932169 0
0.004358312027490997 0.001974152697093097 0
0.004040547722522237 0.002199676416803565 0
0.004007476730798333 0.001818555449916401 0
0.003712999075578519 0.00201754599464719 0
0.00371414417801577 0.001634353409244905 0
0.00343100011506402 0.001846329685027588 0
0.003404888061609646 0.001515209235069575 0
0.003173861621182019 0.001689479287313819 0
0.003170259179162989 0.00196567912479249 0
0.002938980061680481 0.001810496237022239 0
0.00294707156469984 0.001568373200681005 0
0.002742962624973033 0.001671752957670958 0
0.002761900364552133 0.001458451408723539 0
0.002387404008497696 0.001196215529516781 0
0.002337763989767542 0.001270014711839494 0
0.002240441724386444 0.001253032558999912 0
0.002275688451500425 0.001350405453149416 0
0.00217392103454117 0.001328061589202143 0
0.002205718192455918 0.001443443876860402 0
0.00207739928599175 0.001397732245560441 0
0.002120999708540589 0.001547856182664158 0
0.001980545527591966 0.00151480921752146 0
0.002265267602507684 0.001570803342296457 0
0.002160373901968293 0.001706707784038709 0
0.00238375953220205 0.001366264467236947 0
0.001935291126366241 0.001378270684652705 0
0.001838095496350456 0.001483857095062081 0
0.002342987542150982 0.001724155425669921 0
0.001797066450310302 0.001345152498896512 0
0.001690590391075611 0.00144494308293246 0
0.001734414890581552 0.001598899549680571 0
0.002203407479248605 0.001900657228421051 0
0.001579660598649354 0.001555381002711971 0
0.001541197347536679 0.001399318014329831 0
0.001426172346467218 0.001506051771389057 0
0.002934056421925537 0.001337066812337218 0
0.002140420795759484 0.001220507607121113 0
0.002599904613505428 0.00151887482309775 0
0.002437232916076753 0.001924955232526452 0
0.001389538974065566 0.00135784008925034 0
0.001274936457783528 0.001443177840717239 0
0.00275396628343645 0.001281886330553541 0
0.002627684472029595 0.001349782410123477 0
0.001898078685696591 0.001254759319325067 0
0.0007027141022469797 0.00212648071942704 0
0.00162137812875552 0.001719969362179034 0
0.003998705346071359 0.001492214790556317 0
0.001510087824438379 0.001247646447858144 0
0.00815667038021759 0.003674637823240303 0
0.008060905524481857 0.002852178970092294 0
0.007418563784916302 0.00326527383985976 0
0.007333313444553151 0.002562104119758019 0
0.006739333824823196 0.002939634316178353 0
0.007914936677141573 0.002150158811640404 0
0.00665658985678907 0.002280418513212581 0
0.004269219767175288 0.00162126959589557 0
0.004626907991842927 0.001677722774960904 0
0.005062176614664719 0.00180060031419055 0
0.005255000385309962 0.002198713344534345 0
0.005768564671988601 0.002477657628263007 0
0.003138316379101031 0.001440870553165392 0
0.003076306897621331 0.001247174777655137 0
0.002628978518538265 0.001219094346664227 0
0.002517512191217848 0.001260872387227644 0
0.005847138926257699 0.003033680913782607 0
0.005765975820622295 0.001977685222564328 0
0.006736609946145114 0.003676472516176078 0
0.001086246101992649 0.001656191656404056 0
0.002007011884170547 0.00129431836902642 0
0.009579667972581189 0.002577414460731399 0
0.002029089973463127 0.002073851615800433 0
0.002293681363173716 0.002112903509215711 0
0.004049486662974658 0.002654890805900319 0
0.001049733582760323 0.001443058562128927 0
0.001651936844105582 0.001293391432134642 0
0.0006668847937975761 0.001443678308854486 0
0.00867558953319653 0.002353336899505629 0
0.001776498460690214 0.001210696503772327 0
0.0004073723377166658 0.003170144991230783 0
0.0007957912528046883 0.003395512291105563 0
0.0008060209062226728 0.003855236394490345 0
0.001196262683852115 0.003612281458320271 0
0.001221984424352854 0.004080238693467072 0
0.001624712312646788 0.00382530168327159 0
0.001671627342379665 0.004342133983123535 0
0.002127811790189088 0.004066673899776971 0
0.002185620991379129 0.00463305588198614 0
0.00155950265107363 0.004949798436887394 0
0.002160173053296824 0.00527987054590143 0
0.002752768527583143 0.004920997866143762 0
0.002791514155100584 0.00561297827955742 0
0.00215268970926728 0.005994173270490235 0
0.002840362463357213 0.006364460557419569 0
0.002078048429279734 0.006757955804641887 0
0.00279770317036129 0.007191874849251593 0
0.00359974095393027 0.006701749713278586 0
0.003684018616840057 0.007597551713926461 0
0.002795191447088569 0.008118510532688356 0
0.003723873597929417 0.008580788473624271 0
0.004600418927446155 0.008017860990743459 0
0.004647702236759218 0.009029851092365048 0
0.005528803406432512 0.008440946921560995 0
0.001371658579754329 0.006351065273459566 0
0.0007791917682196077 0.002973647857466153 0
0.002865902792913462 0.00911547959674453 0
0.0008551855328045473 0.004362163752172183 0
0.003371505171405231 0.005279620695091193 0
0.001852150426879006 0.008552819731354645 0
0.0004633980292569886 0.002774229953545026 0
0.0007130004232827672 0.006974829652373531 0
0.0008161699302452202 0.002602092926763896 0
0.001098866905731583 0.00278321126283582 0
0.002546124689989284 0.001153522646743344 0
0.001148932973983225 0.003177198764088956 0
0.001531042332570256 0.00337300914267927 0
0.002176386479987869 0.01080395337655749 0
0.002633024193990634 0.001117615505672636 0
0.001234893831408003 0.001275821120643815 0
0.001053857627429802 0.001259160273525875 0
0.005013482322226774 0.0108422171907257 0
0.002691993781118318 0.001888143807071343 0
0.003086284454649698 0.002495867600205488 0
0.005506305499997511 0.007306818499740158 0
0.005638699741638258 0.009617012793051003 0
0.006963461217530369 0.009652228098212486 0
0.007680669914847694 0.01074086364349921 0
0.0082528255534868 0.00958127705503397 0
0.00958478400330599 0.009425440564808178 0
0.01060536464419656 0.01059842340469127 0
0.01078521575813901 0.009276631515933671 0
0.006571082320431069 0.001415225427252538 0
0.008047754328458294 0.004658356046408046 0
0.01017522307562436 0.001806298263330039 0
0.0106137460582911 0.002837193942792328 0
0.01174963092812492 0.002679126930643541 0
0.01300676345427616 0.002963756564359579 0
0.0009461737199037376 0.008994291378472498 0
0.001967313030621509 0.007588317317102408 0
0.002874879632939443 0.002050525638980419 0
0.01300077917917618 0.005740859959299968 0
0.0118751538502898 0.006457347711172929 0
0.01192559820168055 0.007741510858543002 0
0.01070649888844337 0.007227274645096784 0
0.01187528465856093 0.00504443898144195 0
0.001984774268415581 0.001815964865934957 0
0.0006297413946404174 0.00615786475469673 0
0.001415655566681155 0.001137422238781878 0
0.0008785623162224105 0.001365619011849852 0
0.004038236465166076 0.001230305612140805 0
0.00610618356846216 0.001365997271491565 0
0.01303928799983556 0.00845856180214272 0
0.00846023741991961 0.00161816820951506 0
0.01191584549425923 0.003858112762462279 0
0.002050130024626699 0.001096448354617685 0
0.002015866126719161 0.001159340101098361 0
0.01000150973551809 0.00831533259594565 0
0.004535447965756987 0.007023108510959829 0
0.005215085761917503 0.001367013017658194 0
0.0002373969371166735 0.001961308637319286 0
0.0003246630851640942 0.001199908508267435 0
0.0006892957106794845 0.001175177569406037 0
0.001154645269165238 0.001147981723153834 0
0.002434878316507902 0.001044812507504244 0
0.002436626582176508 0.001108512754862367 0
0.001534067126061355 0.001130736693472101 0
0.002539891769729807 0.001706262915968046 0
0.00361474719308721 0.001402800675667358 0
0.003444135906116586 0.001284583835560531 0
0.007480530956365018 0.008515384740859954 0
0.002219567899979854 0.001156156135103647 0
0.001727154710154336 0.001112262605836626 0
0.004627624074254502 0.001301387166881992 0
0.001900085404321792 0.001102308765880148 0
0.003387576097106688 0.002238459989304844 0
0.003832769532763153 0.001162845815712003 0
0.003452568808686314 0.001131634286340793 0
0.00628534023263336 0.001829202147485662 0
0.0033068979123261 0.004544625127818203 0
0.002237809316775492 0.001084735314424416 0
0.003020850423269979 0.00110805429276148 0
0.003160405856023204 0.0011299524146184 0
0.001483183479455452 0.001879221900637191 0
0.002800135938639643 0.001082347659634196 0
0.00255906947557364 0.001061323170388897 0
0.00267341610908392 0.004304376523387618 0
0.01284951667911154 0.009891155117109522 0
0.008784880901517699 0.008474877415087749 0
0.006469762949120824 0.007863670088150025 0
0.006268897171870268 0.004245495791745313 0
0.001547916008636841 0.005639502540635972 0
0.002116414620784435 0.001087668128568313 0
0.002027890009042254 0.003512006823207362 0
0.001775636641484387 0.001769911524550085 0
0.001959968645796377 0.009652011350450955 0
0.001448329246045103 0.002940512111131279 0
0.004963335634749957 0.003782724169037975 0
0.002955339549643624 0.001204067104084938 0
0.001450817243873012 0.001676299754675255 0
0.01258595694557368 0.002055667823607096 0
0.005447883099019571 0.001682166862186502 0
0.01065879688193795 0.005059374906708955 0
0.001335624432272172 0.002584496088944854 0
0.004279530311204136 0.006245331140610755 0
0.003267029102302231 0.001296084902058479 0
0.007708007546099042 0.001540644433048241 0
0.003714438682272969 0.009585773600218542 0
0.006485961289440028 0.006850972372972602 0
0.00541122090449994 0.003455162667178017 0
0.00045806930306148 0.004728325876886609 0
0.0009817287307234517 0.004885968641523299 0
0.003469987281031817 0.005968999859368937 0
0.002088764282279425 0.001153650475003566 0
0.002496458319119177 0.001380309846957864 0
0.002424269140554329 0.001509695249771852 0
0.002581165729576395 0.003803239905926996 0
0.005101304497911686 0.005901171423673548 0
0.0008621722990024632 0.002288514625205568 0
0.003724207874712948 0.002427076209771244 0
0.0004149277094926453 0.004107761159263473 0
0.003575664062680967 0.00402405799312432 0
0.001877938093564341 0.001624096748890961 0
0.00393387798855159 0.005000333645251044 0
0.002846947810191135 0.001194115623696899 0
0.0004648583165415724 0.001347507981166331 0
0.002093884272109835 0.003072950799583387 0
0.0004830815667976446 0.002080958387100108 0
0.0005473773366944244 0.002391324673872076 0
0.006279788137635671 0.002629479553949813 0
0.00128038488930616 0.001601307455095513 0
0.002027650977011174 0.001651309119228604 0
0.002727428019608328 0.001159962283409644 0
0.002312214525559362 0.001448589562359092 0
0.002461354504707815 0.001180055431069245 0
0.01089480913154821 0.006035504648431888 0
0.002425619965205811 0.001276369744289514 0
0.001355626712411175 0.001237499999937666 0
0.001865674844553913 0.001169662700148976 0
0.001021858881763783 0.00113251355859609 0
0.002867942487680802 0.009981011081019786 0
0.01194177730233476 0.009031734116317689 0
0.007189829281334936 0.001996792905595858 0
0.006416251654217396 0.008817848528366893 0
0.001938173240647916 0.001168278900374507 0
0.0009222928534868375 0.01109906645087156 0
0.001404021661066519 0.007037343508425942 0
0.002582800146520986 0.002100788707519211 0
0.008205766100240635 0.007691536582839812 0
0.002768223687229295 0.00346694246251597 0
0.0001535821789742872 0.001187399721860648 0
0.0099723035754304 0.006481576944026351 0
0.002149314339088259 0.001139747965386874 0
0.00239401358858384 0.001033715024487765 0
0.01312238920395859 0.01096400891006698 0
0.01124778307193808 0.00334469063302634 0
0.001585190757050524 0.002692090539907614 0
0.001601131751666193 0.00119912071063945 0
0.0061512517439338 0.002238888613095078 0
0.002286849818339075 0.001070335905087939 0
0.00750467287702833 0.003939780253583337 0
0.0006172858734414554 0.001291517400579373 0
0.001679096406638881 0.001185453579618719 0
0.005140929436365349 0.006682941836212475 0
0.004212569072620367 0.001395426403548135 0
0.00125800573626683 0.004524060701434697 0
0.01338362725590049 0.001827001313876827 0
0.001105325850915976 0.005377329467738699 0
0.004419078702366672 0.001436468218046413 0
0.001159287146468406 0.001529212930113519 0
0.000745270582548381 0.001292283617398098 0
0.003937270631193469 0.005609858770256114 0
0.002430840279671915 0.002288213503642383 0
0.004527467764066111 0.009964538431497543 0
0.006298860787053058 0.003158495726110318 0
0.004891290070284946 0.001501306546964715 0
0.003734632362034259 0.002818775147946607 0
0.003082962599130558 0.002210097106759966 0
0.001807341207791239 0.0031722559900398 0
0.0002532546514747557 0.002576074684807616 0
0.006022173826312626 0.003598140180079138 0
0.002053929008661862 0.001223765615029845 0
0.002096544411694625 0.00129054086122315 0
0.003815064157486235 0.001355915189482432 0
0.001982611789179215 0.00122009246097084 0
0.005868851780577109 0.001623270244809804 0
0.002631697455612425 0.00104576645749742 0
0.001069892526242705 0.005845068391884599 0
0.01103954338442521 0.008278609628375818 0
0.001644152336970742 0.001884739723628901 0
0.002496044249106971 0.00110903044382883 0
0.01148669094625872 0.009997635217780666 0
0.001136412845785787 0.001357973277216711 0
0.006760630603099442 0.001797074871704163 0
0.01193138009115889 0.001720504864218387 0