1 1 1 40
1 1 9 
2 9 10 
3 10 11 
4 11 12 
5 12 13 
6 13 14 
7 14 15 
8 15 16 
9 16 17 
10 17 18 
11 18 19 
12 19 20 
13 20 21 
14 21 22 
15 22 23 
16 23 24 
17 24 25 
18 25 26 
19 26 27 
20 27 28 
21 28 29 
22 29 30 
23 30 31 
24 31 32 
25 32 33 
26 33 34 
27 34 35 
28 35 36 
29 36 37 
30 37 38 
31 38 39 
32 39 40 
33 40 41 
34 41 42 
35 42 43 
36 43 44 
37 44 45 
38 45 46 
39 46 47 
40 47 2 
1 2 1 20
41 2 48 
42 48 49 
43 49 50 
44 50 51 
45 51 52 
46 52 53 
47 53 54 
48 54 55 
49 55 56 
50 56 57 
51 57 58 
52 58 59 
53 59 60 
54 60 61 
55 61 62 
56 62 63 
57 63 64 
58 64 65 
59 65 66 
60 66 3 
1 3 1 40
61 3 67 
62 67 68 
63 68 69 
64 69 70 
65 70 71 
66 71 72 
67 72 73 
68 73 74 
69 74 75 
70 75 76 
71 76 77 
72 77 78 
73 78 79 
74 79 80 
75 80 81 
76 81 82 
77 82 83 
78 83 84 
79 84 85 
80 85 86 
81 86 87 
82 87 88 
83 88 89 
84 89 90 
85 90 91 
86 91 92 
87 92 93 
88 93 94 
89 94 95 
90 95 96 
91 96 97 
92 97 98 
93 98 99 
94 99 100 
95 100 101 
96 101 102 
97 102 103 
98 103 104 
99 104 105 
100 105 4 
1 4 1 20
101 4 106 
102 106 107 
103 107 108 
104 108 109 
105 109 110 
106 110 111 
107 111 112 
108 112 113 
109 113 114 
110 114 115 
111 115 116 
112 116 117 
113 117 118 
114 118 119 
115 119 120 
116 120 121 
117 121 122 
118 122 123 
119 123 124 
120 124 1 
1 5 1 8
121 5 125 
122 125 126 
123 126 127 
124 127 128 
125 128 129 
126 129 130 
127 130 131 
128 131 6 
1 6 1 8
129 6 132 
130 132 133 
131 133 134 
132 134 135 
133 135 136 
134 136 137 
135 137 138 
136 138 7 
1 7 1 8
137 7 139 
138 139 140 
139 140 141 
140 141 142 
141 142 143 
142 143 144 
143 144 145 
144 145 8 
1 8 1 8
145 8 146 
146 146 147 
147 147 148 
148 148 149 
149 149 150 
150 150 151 
151 151 152 
152 152 5 
2 11 2 1764
153 566 563 728 
154 752 182 835 
155 153 533 600 
156 521 175 603 
157 523 600 601 
158 520 552 899 
159 552 520 903 
160 533 153 599 
161 175 521 602 
162 579 839 841 
163 643 532 947 
164 523 601 878 
165 532 643 924 
166 154 570 613 
167 199 564 662 
168 542 169 776 
169 182 752 898 
170 171 700 842 
171 545 174 646 
172 554 200 744 
173 339 565 567 
174 327 568 694 
175 695 466 696 
176 609 156 622 
177 740 497 750 
178 864 714 865 
179 713 714 864 
180 538 549 863 
181 549 862 863 
182 858 166 861 
183 711 166 858 
184 850 536 851 
185 550 536 850 
186 848 640 852 
187 639 640 848 
188 698 161 877 
189 600 523 612 
190 174 545 844 
191 534 603 624 
192 556 190 606 
193 164 576 577 
194 572 163 604 
195 628 180 631 
196 580 579 841 
197 523 596 612 
198 154 613 889 
199 564 199 890 
200 700 171 888 
201 169 542 891 
202 534 624 948 
203 552 178 899 
204 687 499 688 
205 566 728 872 
206 568 327 867 
207 466 695 868 
208 563 562 728 
209 693 571 869 
210 59 60 689 
211 16 161 650 
212 688 499 689 
213 156 609 900 
214 554 744 887 
215 621 482 906 
216 869 571 871 
217 187 539 845 
218 539 187 846 
219 255 540 847 
220 540 255 853 
221 179 640 849 
222 640 179 852 
223 189 541 854 
224 541 189 857 
225 326 535 859 
226 536 172 851 
227 537 177 855 
228 549 166 862 
229 166 549 861 
230 159 538 863 
231 550 179 849 
232 179 550 850 
233 711 537 855 
234 537 711 858 
235 361 721 856 
236 639 187 845 
237 187 639 848 
238 255 539 846 
239 539 255 847 
240 189 540 853 
241 540 189 854 
242 326 541 857 
243 541 326 859 
244 172 536 925 
245 535 326 926 
246 178 552 927 
247 177 537 930 
248 538 159 931 
249 721 361 886 
250 65 66 618 
251 168 649 667 
252 161 698 885 
253 339 567 884 
254 482 621 843 
255 606 190 893 
256 576 164 894 
257 604 163 896 
258 180 628 895 
259 746 733 870 
260 553 440 869 
261 15 16 650 
262 53 581 923 
263 581 53 882 
264 587 586 770 
265 590 587 770 
266 73 74 614 
267 68 69 616 
268 593 170 619 
269 794 475 820 
270 164 577 578 
271 163 572 605 
272 699 698 877 
273 176 582 583 
274 750 497 881 
275 497 740 880 
276 548 615 621 
277 472 593 619 
278 604 201 691 
279 20 21 629 
280 206 574 576 
281 606 204 797 
282 714 826 879 
283 60 688 689 
284 156 59 689 
285 618 66 921 
286 781 543 955 
287 18 842 877 
288 475 617 820 
289 733 746 916 
290 440 553 917 
291 865 714 879 
292 202 643 947 
293 602 610 950 
294 610 949 950 
295 615 548 658 
296 475 473 617 
297 574 206 609 
298 839 394 841 
299 694 568 872 
300 565 339 873 
301 696 466 874 
302 582 176 923 
303 592 157 615 
304 594 193 617 
305 548 621 906 
306 700 699 842 
307 555 333 956 
308 171 20 629 
309 542 519 704 
310 201 613 691 
311 591 394 827 
312 424 595 618 
313 518 752 835 
314 907 703 908 
315 703 425 908 
316 560 708 898 
317 704 519 899 
318 545 546 844 
319 883 532 924 
320 592 615 658 
321 473 594 617 
322 825 783 903 
323 573 203 819 
324 157 592 614 
325 74 157 614 
326 193 594 616 
327 69 193 616 
328 424 68 616 
329 595 424 616 
330 73 614 619 
331 401 703 907 
332 292 607 911 
333 304 608 913 
334 608 304 912 
335 200 554 876 
336 545 646 875 
337 618 595 819 
338 624 334 948 
339 831 697 837 
340 614 472 619 
341 838 335 840 
342 703 401 933 
343 607 292 935 
344 170 593 820 
345 333 555 875 
346 543 781 876 
347 158 610 611 
348 593 794 820 
349 394 591 841 
350 650 161 885 
351 708 560 890 
352 50 51 623 
353 842 699 877 
354 121 122 624 
355 833 384 839 
356 314 783 825 
357 112 113 612 
358 649 168 897 
359 831 837 937 
360 611 410 883 
361 768 829 832 
362 153 600 612 
363 600 533 601 
364 478 781 955 
365 569 568 867 
366 467 466 868 
367 168 667 887 
368 570 154 871 
369 662 564 873 
370 776 169 874 
371 462 574 609 
372 581 582 923 
373 113 153 612 
374 569 361 884 
375 190 556 880 
376 631 180 881 
377 603 175 624 
378 520 825 903 
379 578 577 579 
380 583 582 584 
381 51 176 623 
382 369 50 623 
383 122 334 624 
384 175 121 624 
385 622 156 901 
386 410 611 938 
387 909 664 934 
388 910 514 935 
389 797 204 902 
390 176 583 623 
391 462 609 622 
392 499 687 866 
393 708 182 898 
394 178 704 899 
395 203 573 928 
396 615 157 620 
397 605 838 840 
398 601 349 878 
399 617 193 625 
400 579 833 839 
401 829 680 832 
402 578 579 580 
403 583 584 585 
404 70 71 625 
405 72 73 619 
406 170 72 619 
407 867 720 886 
408 75 76 620 
409 157 75 620 
410 417 909 934 
411 660 910 935 
412 361 569 886 
413 369 623 830 
414 590 770 879 
415 201 604 896 
416 206 576 894 
417 629 21 895 
418 204 606 893 
419 462 622 762 
420 622 498 762 
421 71 170 625 
422 193 70 625 
423 615 620 621 
424 578 580 581 
425 585 584 586 
426 581 580 582 
427 586 584 591 
428 585 586 587 
429 605 572 838 
430 585 587 588 
431 588 587 589 
432 589 587 590 
433 181 626 644 
434 551 641 645 
435 501 493 681 
436 139 191 636 
437 626 181 681 
438 632 338 637 
439 338 632 634 
440 633 638 639 
441 627 412 630 
442 412 627 631 
443 633 637 638 
444 412 325 630 
445 641 356 645 
446 338 634 636 
447 737 671 801 
448 644 626 674 
449 634 681 795 
450 370 371 670 
451 404 344 690 
452 633 632 637 
453 426 673 709 
454 493 626 681 
455 428 668 669 
456 140 139 636 
457 191 338 636 
458 258 644 674 
459 630 325 661 
460 635 252 726 
461 233 642 726 
462 634 501 681 
463 671 670 801 
464 636 634 795 
465 252 635 757 
466 642 635 726 
467 370 670 671 
468 371 428 670 
469 661 252 757 
470 673 803 808 
471 642 233 773 
472 645 308 758 
473 115 116 202 
474 497 404 690 
475 668 428 739 
476 648 415 667 
477 673 426 803 
478 627 628 631 
479 344 412 690 
480 551 645 758 
481 649 648 667 
482 197 198 661 
483 673 672 709 
484 683 508 754 
485 332 415 651 
486 803 671 808 
487 213 215 749 
488 415 648 651 
489 410 668 739 
490 490 489 491 
491 490 491 492 
492 638 356 641 
493 143 142 644 
494 106 107 479 
495 707 160 746 
496 428 669 670 
497 136 135 201 
498 142 181 644 
499 202 116 643 
500 630 661 757 
501 103 333 646 
502 637 356 638 
503 652 340 653 
504 790 742 812 
505 639 638 640 
506 233 749 773 
507 683 475 794 
508 492 491 493 
509 325 197 661 
510 727 188 728 
511 671 737 808 
512 709 656 779 
513 331 683 754 
514 681 181 795 
515 5 152 194 
516 198 252 661 
517 8 145 185 
518 488 489 490 
519 191 305 338 
520 653 340 734 
521 426 709 779 
522 139 7 191 
523 128 127 708 
524 332 651 745 
525 225 223 654 
526 127 182 708 
527 69 70 193 
528 116 117 643 
529 305 356 637 
530 233 213 749 
531 194 152 647 
532 6 131 183 
533 117 158 643 
534 412 631 690 
535 677 676 678 
536 507 735 743 
537 144 258 655 
538 227 657 672 
539 338 305 637 
540 8 185 186 
541 129 128 199 
542 677 678 679 
543 155 742 790 
544 679 678 680 
545 451 787 790 
546 258 674 806 
547 5 194 195 
548 531 411 533 
549 282 279 799 
550 215 735 749 
551 340 652 654 
552 702 425 703 
553 492 493 494 
554 101 174 676 
555 672 657 709 
556 229 224 672 
557 342 425 702 
558 100 676 677 
559 531 533 599 
560 476 604 691 
561 225 654 764 
562 223 340 654 
563 548 400 658 
564 493 491 626 
565 308 310 758 
566 183 131 785 
567 305 306 356 
568 229 672 673 
569 415 352 666 
570 103 104 333 
571 227 232 657 
572 6 183 184 
573 87 88 189 
574 174 102 646 
575 247 301 656 
576 665 286 682 
577 668 450 669 
578 415 666 667 
579 306 308 645 
580 366 475 683 
581 283 286 663 
582 8 186 733 
583 45 298 675 
584 248 332 745 
585 339 183 785 
586 735 226 743 
587 280 283 663 
588 674 489 806 
589 294 290 710 
590 317 316 346 
591 710 754 777 
592 97 695 696 
593 5 195 705 
594 165 685 686 
595 523 522 596 
596 714 712 715 
597 98 162 695 
598 191 192 305 
599 357 358 481 
600 483 481 536 
601 60 61 688 
602 324 450 668 
603 151 155 647 
604 356 306 645 
605 138 137 163 
606 670 669 801 
607 592 472 614 
608 420 592 658 
609 228 225 764 
610 347 346 407 
611 301 316 317 
612 301 300 316 
613 152 151 647 
614 155 741 742 
615 310 312 357 
616 267 345 692 
617 247 300 301 
618 706 455 707 
619 162 677 679 
620 357 312 358 
621 665 682 759 
622 481 358 482 
623 488 487 489 
624 407 408 522 
625 165 62 685 
626 407 522 523 
627 317 346 347 
628 241 247 656 
629 306 307 308 
630 101 102 174 
631 420 421 472 
632 428 427 739 
633 712 42 715 
634 298 46 697 
635 150 149 741 
636 286 285 682 
637 787 647 790 
638 234 771 782 
639 754 508 777 
640 278 280 659 
641 659 280 663 
642 663 286 664 
643 422 554 666 
644 706 707 746 
645 524 526 598 
646 224 227 672 
647 444 245 684 
648 160 707 789 
649 718 177 719 
650 400 364 658 
651 420 472 592 
652 440 692 693 
653 352 422 666 
654 102 103 646 
655 422 471 554 
656 340 221 734 
657 221 218 734 
658 815 753 817 
659 29 188 727 
660 122 123 334 
661 457 716 717 
662 296 294 321 
663 735 507 749 
664 162 99 677 
665 308 309 310 
666 500 435 700 
667 220 218 221 
668 483 536 550 
669 692 345 693 
670 241 246 247 
671 132 6 553 
672 513 702 703 
673 322 321 364 
674 31 327 694 
675 289 294 296 
676 547 400 548 
677 332 352 415 
678 747 250 748 
679 310 311 312 
680 249 745 765 
681 730 793 796 
682 37 166 711 
683 264 267 692 
684 327 32 722 
685 364 420 658 
686 366 473 475 
687 793 282 796 
688 477 476 691 
689 684 245 732 
690 718 720 722 
691 357 481 483 
692 390 388 716 
693 447 444 684 
694 720 719 721 
695 34 177 718 
696 248 315 332 
697 410 324 668 
698 449 447 512 
699 723 282 799 
700 100 101 676 
701 517 516 570 
702 247 299 300 
703 407 346 408 
704 98 99 162 
705 232 241 657 
706 45 46 298 
707 289 290 294 
708 331 366 683 
709 388 398 716 
710 253 344 354 
711 178 93 704 
712 219 220 736 
713 472 421 593 
714 669 771 801 
715 522 408 524 
716 159 712 713 
717 512 447 684 
718 169 96 696 
719 222 229 738 
720 576 575 577 
721 494 502 539 
722 120 121 175 
723 165 686 687 
724 219 218 220 
725 305 192 306 
726 664 286 665 
727 354 344 404 
728 173 44 675 
729 354 518 705 
730 653 734 772 
731 253 325 344 
732 211 233 726 
733 184 259 260 
734 92 93 178 
735 506 649 650 
736 260 262 440 
737 354 404 405 
738 85 86 255 
739 280 281 283 
740 747 653 772 
741 322 364 400 
742 656 301 779 
743 745 651 765 
744 46 47 697 
745 195 197 253 
746 515 477 516 
747 718 719 720 
748 278 279 280 
749 296 321 322 
750 133 132 725 
751 154 133 725 
752 97 98 695 
753 432 480 698 
754 364 365 420 
755 293 320 710 
756 63 203 685 
757 238 242 249 
758 285 287 289 
759 628 504 629 
760 95 96 169 
761 186 297 313 
762 372 249 373 
763 737 738 808 
764 336 337 374 
765 490 492 540 
766 283 284 285 
767 427 532 739 
768 61 62 165 
769 332 315 352 
770 429 373 430 
771 430 431 432 
772 194 647 787 
773 713 712 714 
774 144 143 258 
775 195 253 705 
776 368 329 376 
777 434 698 699 
778 275 278 292 
779 159 41 712 
780 29 30 188 
781 405 404 495 
782 129 199 662 
783 250 747 772 
784 89 90 326 
785 344 325 412 
786 368 376 377 
787 308 307 309 
788 354 405 518 
789 789 707 807 
790 244 237 251 
791 99 100 677 
792 43 173 715 
793 290 293 710 
794 151 150 155 
795 231 235 238 
796 234 341 771 
797 33 718 722 
798 416 374 463 
799 395 390 716 
800 295 291 729 
801 292 278 659 
802 324 303 450 
803 130 129 662 
804 574 418 575 
805 293 319 320 
806 434 432 698 
807 515 516 517 
808 253 197 325 
809 375 455 706 
810 528 555 597 
811 44 45 675 
812 209 210 211 
813 341 736 737 
814 716 398 717 
815 209 211 726 
816 40 41 159 
817 627 504 628 
818 199 128 708 
819 432 431 480 
820 433 432 434 
821 37 38 166 
822 430 373 431 
823 342 402 425 
824 36 37 711 
825 132 553 725 
826 372 373 429 
827 381 384 731 
828 34 35 177 
829 271 273 304 
830 329 295 729 
831 67 68 424 
832 43 44 173 
833 420 365 421 
834 61 165 688 
835 232 240 241 
836 238 249 372 
837 574 575 576 
838 252 209 726 
839 262 264 692 
840 33 34 718 
841 238 235 242 
842 311 342 702 
843 63 64 203 
844 209 208 210 
845 244 251 336 
846 283 285 286 
847 503 500 504 
848 320 331 754 
849 226 231 743 
850 96 97 696 
851 117 118 158 
852 736 220 738 
853 517 570 571 
854 285 289 682 
855 456 395 457 
856 654 652 761 
857 93 94 704 
858 198 209 252 
859 435 434 700 
860 364 321 365 
861 506 648 649 
862 508 683 794 
863 570 516 613 
864 238 372 743 
865 310 309 311 
866 188 30 694 
867 378 377 379 
868 253 354 705 
869 494 493 501 
870 62 63 685 
871 58 59 156 
872 275 277 278 
873 514 477 515 
874 480 505 506 
875 31 32 327 
876 264 266 267 
877 239 237 244 
878 440 262 692 
879 429 756 773 
880 495 404 497 
881 437 435 500 
882 372 507 743 
883 42 43 715 
884 267 269 345 
885 241 656 657 
886 294 710 777 
887 379 381 731 
888 379 377 380 
889 396 395 456 
890 184 256 259 
891 237 228 764 
892 771 450 782 
893 32 33 722 
894 441 438 652 
895 434 699 700 
896 222 224 229 
897 430 432 433 
898 456 457 511 
899 414 476 477 
900 657 656 709 
901 260 261 262 
902 748 250 767 
903 241 240 246 
904 336 374 416 
905 211 210 212 
906 575 418 731 
907 186 313 733 
908 258 143 644 
909 220 222 738 
910 652 438 761 
911 737 736 738 
912 317 347 348 
913 348 347 349 
914 463 374 706 
915 367 329 368 
916 368 377 378 
917 433 434 435 
918 280 279 281 
919 217 226 735 
920 242 248 745 
921 393 390 395 
922 145 144 655 
923 186 257 297 
924 457 395 716 
925 41 42 712 
926 414 477 514 
927 30 31 694 
928 262 263 264 
929 336 251 337 
930 292 659 660 
931 316 300 318 
932 358 312 513 
933 220 221 222 
934 730 729 786 
935 408 346 780 
936 376 729 730 
937 379 380 381 
938 374 375 706 
939 264 265 266 
940 306 192 307 
941 217 216 218 
942 218 216 734 
943 278 277 279 
944 376 329 729 
945 437 500 503 
946 503 504 627 
947 514 515 607 
948 439 438 441 
949 518 405 752 
950 83 84 187 
951 374 337 375 
952 195 196 197 
953 320 319 330 
954 141 140 795 
955 401 400 547 
956 380 377 751 
957 368 378 762 
958 388 386 398 
959 756 642 773 
960 378 379 418 
961 418 379 731 
962 283 281 284 
963 320 330 331 
964 236 228 237 
965 212 210 767 
966 516 477 691 
967 247 246 299 
968 441 652 653 
969 341 230 736 
970 12 13 744 
971 375 438 439 
972 198 208 209 
973 231 238 743 
974 509 380 751 
975 385 387 394 
976 471 534 543 
977 398 386 755 
978 267 266 268 
979 289 287 290 
980 381 383 384 
981 654 761 764 
982 25 26 190 
983 249 242 745 
984 285 284 287 
985 448 447 449 
986 215 217 735 
987 226 230 231 
988 761 251 764 
989 393 395 396 
990 231 234 235 
991 494 501 502 
992 381 380 382 
993 506 505 648 
994 396 456 458 
995 134 133 154 
996 274 272 276 
997 402 403 417 
998 352 353 422 
999 211 213 233 
1000 217 218 219 
1001 127 126 182 
1002 480 431 505 
1003 511 457 798 
1004 289 296 682 
1005 405 495 496 
1006 446 444 447 
1007 375 439 455 
1008 640 638 641 
1009 429 430 756 
1010 223 221 340 
1011 510 723 724 
1012 25 190 740 
1013 242 243 248 
1014 342 343 402 
1015 24 25 740 
1016 271 272 273 
1017 260 259 261 
1018 248 302 315 
1019 436 435 437 
1020 519 449 520 
1021 234 230 341 
1022 465 466 467 
1023 485 487 488 
1024 375 337 438 
1025 427 411 531 
1026 11 12 200 
1027 372 429 507 
1028 244 336 732 
1029 23 24 750 
1030 273 274 275 
1031 373 249 765 
1032 205 789 807 
1033 414 413 476 
1034 22 23 180 
1035 382 380 509 
1036 441 653 747 
1037 271 270 272 
1038 245 244 732 
1039 217 219 226 
1040 371 351 411 
1041 453 521 792 
1042 19 20 171 
1043 476 572 604 
1044 24 740 750 
1045 496 495 556 
1046 377 376 751 
1047 267 268 269 
1048 239 244 245 
1049 442 441 747 
1050 197 196 198 
1051 442 747 748 
1052 382 509 510 
1053 567 568 569 
1054 311 335 342 
1055 439 441 442 
1056 28 29 727 
1057 236 237 239 
1058 113 114 153 
1059 198 196 208 
1060 230 219 736 
1061 433 435 436 
1062 273 272 274 
1063 402 343 403 
1064 250 212 767 
1065 269 270 271 
1066 71 72 170 
1067 510 509 723 
1068 269 268 270 
1069 336 416 732 
1070 165 687 688 
1071 463 706 746 
1072 262 261 263 
1073 381 382 383 
1074 409 324 410 
1075 226 219 230 
1076 222 221 223 
1077 180 23 750 
1078 496 558 752 
1079 264 263 265 
1080 384 383 385 
1081 389 388 390 
1082 142 141 181 
1083 365 321 777 
1084 398 755 775 
1085 387 386 388 
1086 211 212 213 
1087 195 194 196 
1088 275 274 277 
1089 323 303 324 
1090 391 390 393 
1091 147 146 160 
1092 312 311 702 
1093 317 348 779 
1094 462 418 574 
1095 405 496 752 
1096 376 730 751 
1097 710 320 754 
1098 422 423 471 
1099 445 464 465 
1100 184 183 256 
1101 348 426 779 
1102 210 208 451 
1103 669 450 771 
1104 385 383 386 
1105 459 458 460 
1106 281 279 282 
1107 436 635 642 
1108 313 314 544 
1109 389 391 392 
1110 565 566 567 
1111 316 318 780 
1112 214 212 250 
1113 322 400 401 
1114 242 235 243 
1115 268 266 288 
1116 503 627 630 
1117 342 335 343 
1118 517 571 608 
1119 453 454 521 
1120 403 413 414 
1121 717 398 775 
1122 385 386 387 
1123 436 437 635 
1124 485 360 487 
1125 337 251 761 
1126 505 431 765 
1127 191 7 192 
1128 485 488 541 
1129 155 150 741 
1130 231 230 234 
1131 378 462 762 
1132 445 465 784 
1133 16 17 161 
1134 734 216 772 
1135 131 130 785 
1136 389 390 391 
1137 387 388 389 
1138 310 357 758 
1139 266 265 760 
1140 328 295 329 
1141 564 563 565 
1142 13 168 744 
1143 483 550 551 
1144 538 461 549 
1145 438 337 761 
1146 321 294 777 
1147 524 525 526 
1148 13 14 168 
1149 396 458 459 
1150 213 212 214 
1151 352 315 353 
1152 49 50 369 
1153 382 510 755 
1154 455 439 753 
1155 430 433 756 
1156 446 447 448 
1157 392 769 770 
1158 251 237 764 
1159 348 349 350 
1160 496 557 558 
1161 812 742 817 
1162 403 343 413 
1163 476 413 572 
1164 224 223 225 
1165 632 501 634 
1166 465 464 466 
1167 391 393 397 
1168 431 373 765 
1169 613 516 691 
1170 561 563 564 
1171 311 309 335 
1172 433 436 756 
1173 436 642 756 
1174 367 368 762 
1175 259 256 361 
1176 331 355 366 
1177 565 563 566 
1178 290 291 293 
1179 279 277 799 
1180 510 724 775 
1181 502 632 633 
1182 567 566 568 
1183 246 240 254 
1184 459 461 470 
1185 755 510 775 
1186 323 453 766 
1187 386 383 755 
1188 465 467 791 
1189 525 408 780 
1190 227 225 228 
1191 448 449 519 
1192 313 297 314 
1193 443 245 444 
1194 323 409 453 
1195 215 214 216 
1196 459 460 461 
1197 648 505 651 
1198 487 805 806 
1199 232 236 240 
1200 222 223 224 
1201 366 419 473 
1202 232 228 236 
1203 300 299 701 
1204 213 214 215 
1205 239 245 443 
1206 383 382 755 
1207 749 507 773 
1208 215 216 217 
1209 437 503 757 
1210 348 350 426 
1211 210 451 767 
1212 227 228 232 
1213 350 349 351 
1214 293 295 319 
1215 186 185 257 
1216 484 360 485 
1217 346 316 780 
1218 323 324 409 
1219 200 12 744 
1220 328 329 367 
1221 265 362 363 
1222 406 362 468 
1223 224 225 227 
1224 470 461 538 
1225 363 406 469 
1226 248 243 302 
1227 651 505 765 
1228 328 367 399 
1229 439 442 753 
1230 288 266 760 
1231 473 474 594 
1232 450 303 782 
1233 77 78 172 
1234 54 55 164 
1235 214 250 772 
1236 256 183 339 
1237 399 498 499 
1238 393 396 763 
1239 254 240 774 
1240 453 409 454 
1241 378 418 462 
1242 507 429 773 
1243 290 287 291 
1244 331 330 355 
1245 301 317 779 
1246 51 52 176 
1247 635 437 757 
1248 74 75 157 
1249 296 322 759 
1250 730 786 793 
1251 503 630 757 
1252 399 367 498 
1253 265 263 362 
1254 315 302 766 
1255 216 214 772 
1256 443 444 445 
1257 445 444 446 
1258 10 11 781 
1259 421 365 508 
1260 557 556 606 
1261 682 296 759 
1262 397 393 763 
1263 602 454 610 
1264 319 295 328 
1265 359 484 486 
1266 293 291 295 
1267 392 391 769 
1268 445 446 464 
1269 371 411 427 
1270 265 363 760 
1271 502 501 632 
1272 521 454 602 
1273 330 319 788 
1274 474 419 573 
1275 729 291 786 
1276 561 562 563 
1277 236 239 774 
1278 363 362 406 
1279 243 235 782 
1280 406 468 537 
1281 110 111 167 
1282 513 312 702 
1283 240 236 774 
1284 508 365 777 
1285 322 401 759 
1286 359 257 360 
1287 185 145 655 
1288 149 205 741 
1289 496 556 557 
1290 130 662 785 
1291 422 353 423 
1292 448 519 542 
1293 208 196 787 
1294 366 355 419 
1295 486 535 552 
1296 235 234 782 
1297 391 397 769 
1298 297 257 359 
1299 239 443 774 
1300 396 459 763 
1301 357 483 758 
1302 370 351 371 
1303 302 243 303 
1304 299 246 768 
1305 80 81 179 
1306 524 408 525 
1307 302 303 323 
1308 359 360 484 
1309 276 798 802 
1310 350 351 370 
1311 558 559 560 
1312 473 419 474 
1313 647 155 790 
1314 148 147 789 
1315 355 330 452 
1316 594 595 616 
1317 498 367 762 
1318 11 200 781 
1319 561 559 562 
1320 246 254 768 
1321 263 261 778 
1322 451 208 787 
1323 593 421 794 
1324 457 717 798 
1325 784 465 791 
1326 353 315 766 
1327 798 717 802 
1328 371 427 428 
1329 459 470 763 
1330 281 282 793 
1331 287 284 786 
1332 147 160 789 
1333 282 723 796 
1334 452 330 788 
1335 471 423 534 
1336 302 323 766 
1337 196 194 787 
1338 483 551 758 
1339 318 300 701 
1340 751 730 796 
1341 303 243 782 
1342 140 636 795 
1343 291 287 786 
1344 486 484 535 
1345 276 272 804 
1346 108 109 207 
1347 558 557 559 
1348 254 774 784 
1349 443 445 784 
1350 560 559 561 
1351 468 362 778 
1352 511 798 804 
1353 427 531 532 
1354 446 448 776 
1355 464 446 776 
1356 9 10 478 
1357 328 399 788 
1358 723 509 796 
1359 370 671 803 
1360 526 527 528 
1361 362 263 778 
1362 655 258 806 
1363 594 474 595 
1364 319 328 788 
1365 254 784 791 
1366 314 297 783 
1367 27 28 204 
1368 277 274 800 
1369 297 359 783 
1370 448 542 776 
1371 774 443 784 
1372 526 525 527 
1373 359 486 783 
1374 421 508 794 
1375 545 530 546 
1376 284 281 793 
1377 489 487 806 
1378 741 205 815 
1379 786 284 793 
1380 509 751 796 
1381 491 489 674 
1382 528 529 555 
1383 768 254 791 
1384 805 655 806 
1385 724 723 799 
1386 529 527 530 
1387 487 360 805 
1388 799 277 800 
1389 738 229 808 
1390 149 148 205 
1391 478 10 781 
1392 56 57 206 
1393 455 753 807 
1394 274 276 800 
1395 529 530 545 
1396 181 141 795 
1397 766 453 792 
1398 798 276 804 
1399 528 527 529 
1400 353 766 792 
1401 350 370 803 
1402 341 737 801 
1403 771 341 801 
1404 557 606 797 
1405 423 353 792 
1406 185 655 805 
1407 717 775 802 
1408 800 276 802 
1409 724 800 802 
1410 460 458 813 
1411 426 350 803 
1412 272 270 804 
1413 775 724 802 
1414 724 799 800 
1415 458 456 811 
1416 525 780 809 
1417 626 491 674 
1418 562 559 797 
1419 810 288 811 
1420 268 288 810 
1421 229 673 808 
1422 360 257 805 
1423 205 148 789 
1424 257 185 805 
1425 707 455 807 
1426 780 318 809 
1427 559 557 797 
1428 204 28 727 
1429 527 525 809 
1430 511 804 810 
1431 742 815 817 
1432 804 270 810 
1433 816 469 818 
1434 205 807 815 
1435 460 813 816 
1436 363 469 816 
1437 530 527 809 
1438 458 811 813 
1439 270 268 810 
1440 753 442 817 
1441 511 810 811 
1442 549 461 818 
1443 809 318 814 
1444 767 451 812 
1445 456 511 811 
1446 451 790 812 
1447 742 741 815 
1448 748 767 812 
1449 530 809 814 
1450 318 701 814 
1451 748 812 817 
1452 288 760 813 
1453 807 753 815 
1454 811 288 813 
1455 460 816 818 
1456 546 530 814 
1457 813 760 816 
1458 442 748 817 
1459 760 363 816 
1460 461 460 818 
1461 625 170 820 
1462 617 625 820 
1463 474 573 819 
1464 463 746 870 
1465 440 693 869 
1466 620 76 821 
1467 77 172 821 
1468 333 834 956 
1469 334 836 955 
1470 814 701 822 
1471 307 192 823 
1472 349 601 957 
1473 595 474 819 
1474 621 620 821 
1475 512 684 824 
1476 449 512 825 
1477 732 416 824 
1478 948 334 955 
1479 76 77 821 
1480 546 814 822 
1481 192 7 823 
1482 864 470 931 
1483 778 856 929 
1484 684 732 824 
1485 520 449 825 
1486 715 173 826 
1487 199 708 890 
1488 394 387 827 
1489 389 392 827 
1490 573 419 828 
1491 355 452 828 
1492 768 791 829 
1493 579 577 833 
1494 822 701 832 
1495 583 585 830 
1496 623 583 830 
1497 770 586 904 
1498 680 822 832 
1499 299 768 832 
1500 577 575 833 
1501 731 384 833 
1502 104 105 834 
1503 126 125 835 
1504 123 124 836 
1505 48 49 837 
1506 343 335 838 
1507 572 413 838 
1508 599 153 945 
1509 167 596 941 
1510 596 167 942 
1511 610 158 949 
1512 207 598 944 
1513 598 207 943 
1514 597 479 946 
1515 597 207 944 
1516 207 597 946 
1517 598 167 941 
1518 167 598 943 
1519 202 599 945 
1520 599 202 947 
1521 175 602 950 
1522 384 385 839 
1523 417 660 909 
1524 660 417 910 
1525 607 304 911 
1526 304 607 912 
1527 608 345 913 
1528 307 823 840 
1529 714 715 826 
1530 823 605 840 
1531 335 309 840 
1532 680 678 936 
1533 387 389 827 
1534 419 355 828 
1535 18 19 842 
1536 569 867 886 
1537 171 629 888 
1538 542 704 891 
1539 613 201 889 
1540 791 467 829 
1541 822 680 936 
1542 585 588 830 
1543 603 534 958 
1544 521 603 958 
1545 678 676 844 
1546 640 641 849 
1547 633 639 845 
1548 539 502 845 
1549 85 255 846 
1550 540 492 847 
1551 255 86 853 
1552 494 539 847 
1553 87 189 853 
1554 187 84 846 
1555 83 187 848 
1556 551 550 849 
1557 80 179 850 
1558 172 78 851 
1559 179 81 852 
1560 189 88 857 
1561 490 540 854 
1562 89 326 857 
1563 541 488 854 
1564 177 35 855 
1565 36 711 855 
1566 166 38 862 
1567 259 361 856 
1568 40 159 863 
1569 778 261 856 
1570 406 537 858 
1571 485 541 859 
1572 535 484 859 
1573 763 470 864 
1574 549 818 861 
1575 713 864 931 
1576 856 721 929 
1577 612 596 942 
1578 618 819 892 
1579 399 499 866 
1580 722 720 867 
1581 452 788 866 
1582 162 679 868 
1583 609 206 900 
1584 313 544 870 
1585 112 612 942 
1586 298 697 831 
1587 568 566 872 
1588 728 188 872 
1589 339 785 873 
1590 466 464 874 
1591 744 168 887 
1592 17 18 877 
1593 407 523 878 
1594 349 347 878 
1595 701 299 832 
1596 575 731 833 
1597 333 104 834 
1598 182 126 835 
1599 334 123 836 
1600 49 369 837 
1601 413 343 838 
1602 770 769 879 
1603 497 690 881 
1604 495 497 880 
1605 385 394 839 
1606 424 618 921 
1607 410 739 883 
1608 828 452 939 
1609 689 499 901 
1610 589 675 951 
1611 698 480 885 
1612 506 650 885 
1613 256 339 884 
1614 164 578 882 
1615 666 554 887 
1616 479 597 956 
1617 201 135 889 
1618 500 700 888 
1619 629 504 888 
1620 134 154 889 
1621 561 564 890 
1622 704 94 891 
1623 95 169 891 
1624 611 610 938 
1625 163 137 896 
1626 190 26 893 
1627 136 201 896 
1628 164 55 894 
1629 27 204 893 
1630 22 180 895 
1631 56 206 894 
1632 628 629 895 
1633 168 14 897 
1634 752 558 898 
1635 621 821 843 
1636 601 533 957 
1637 58 156 900 
1638 206 57 900 
1639 824 416 954 
1640 204 727 902 
1641 567 569 884 
1642 499 498 901 
1643 486 552 903 
1644 309 307 840 
1645 686 828 939 
1646 663 664 909 
1647 660 659 909 
1648 759 401 907 
1649 304 273 911 
1650 414 514 910 
1651 275 292 911 
1652 271 304 913 
1653 417 403 910 
1654 607 515 912 
1655 345 269 913 
1656 517 608 912 
1657 679 680 940 
1658 544 824 954 
1659 7 138 915 
1660 47 2 919 
1661 2 48 919 
1662 746 160 916 
1663 6 184 917 
1664 3 67 921 
1665 66 3 921 
1666 553 6 917 
1667 260 440 917 
1668 125 5 918 
1669 5 705 918 
1670 105 4 920 
1671 4 106 920 
1672 146 8 916 
1673 8 733 916 
1674 124 1 922 
1675 1 9 922 
1676 792 521 958 
1677 534 423 958 
1678 52 53 923 
1679 533 411 957 
1680 351 349 957 
1681 481 482 925 
1682 90 91 926 
1683 91 92 927 
1684 554 471 876 
1685 529 545 875 
1686 685 203 928 
1687 19 171 842 
1688 482 358 932 
1689 425 402 934 
1690 115 202 945 
1691 479 107 946 
1692 528 597 944 
1693 596 522 941 
1694 524 598 941 
1695 120 175 950 
1696 598 526 944 
1697 158 118 949 
1698 531 599 947 
1699 108 207 946 
1700 153 114 945 
1701 167 111 942 
1702 110 167 943 
1703 207 109 943 
1704 610 454 938 
1705 409 410 938 
1706 823 7 915 
1707 675 298 951 
1708 555 529 875 
1709 471 543 876 
1710 15 650 897 
1711 591 584 953 
1712 203 64 892 
1713 54 164 882 
1714 680 829 940 
1715 819 203 892 
1716 180 750 881 
1717 740 190 880 
1718 821 172 843 
1719 837 369 937 
1720 392 770 904 
1721 676 174 844 
1722 641 551 849 
1723 502 633 845 
1724 84 85 846 
1725 492 494 847 
1726 82 83 848 
1727 86 87 853 
1728 79 80 850 
1729 82 848 852 
1730 78 79 851 
1731 79 850 851 
1732 81 82 852 
1733 488 490 854 
1734 35 36 855 
1735 261 259 856 
1736 88 89 857 
1737 469 406 858 
1738 484 485 859 
1739 552 535 860 
1740 862 39 863 
1741 38 39 862 
1742 39 40 863 
1743 469 858 861 
1744 397 763 864 
1745 397 864 865 
1746 769 397 865 
1747 818 469 861 
1748 53 54 882 
1749 788 399 866 
1750 327 722 867 
1751 695 162 868 
1752 156 689 901 
1753 675 589 905 
1754 725 553 869 
1755 733 313 870 
1756 725 869 871 
1757 571 570 871 
1758 154 725 871 
1759 169 696 874 
1760 188 694 872 
1761 564 565 873 
1762 785 662 873 
1763 464 776 874 
1764 646 333 875 
1765 781 200 876 
1766 161 17 877 
1767 345 608 952 
1768 571 693 952 
1769 721 719 929 
1770 719 177 930 
1771 929 719 930 
1772 159 713 931 
1773 347 407 878 
1774 482 843 925 
1775 860 91 927 
1776 91 860 926 
1777 841 591 953 
1778 597 555 956 
1779 573 828 928 
1780 556 495 880 
1781 690 631 881 
1782 578 581 882 
1783 826 173 905 
1784 65 618 892 
1785 163 605 915 
1786 739 532 883 
1787 728 562 902 
1788 650 649 897 
1789 826 590 879 
1790 908 425 934 
1791 906 482 932 
1792 512 824 914 
1793 825 512 914 
1794 361 256 884 
1795 480 506 885 
1796 173 675 905 
1797 64 65 892 
1798 590 826 905 
1799 720 721 886 
1800 562 797 902 
1801 828 686 928 
1802 667 666 887 
1803 824 544 914 
1804 314 825 914 
1805 830 588 937 
1806 588 831 937 
1807 827 392 904 
1808 504 500 888 
1809 135 134 889 
1810 560 561 890 
1811 94 95 891 
1812 26 27 893 
1813 55 56 894 
1814 21 22 895 
1815 137 136 896 
1816 588 589 951 
1817 14 15 897 
1818 369 830 937 
1819 558 560 898 
1820 519 520 899 
1821 498 622 901 
1822 57 58 900 
1823 843 172 925 
1824 860 535 926 
1825 552 860 927 
1826 870 544 954 
1827 605 823 915 
1828 727 728 902 
1829 158 611 924 
1830 582 580 953 
1831 769 865 879 
1832 783 486 903 
1833 591 827 904 
1834 586 591 904 
1835 513 703 933 
1836 514 607 935 
1837 836 124 922 
1838 834 105 920 
1839 835 125 918 
1840 48 837 919 
1841 589 590 905 
1842 452 866 939 
1843 868 679 940 
1844 547 548 906 
1845 665 759 907 
1846 665 907 908 
1847 664 665 908 
1848 659 663 909 
1849 403 414 910 
1850 273 275 911 
1851 515 517 912 
1852 269 271 913 
1853 544 314 914 
1854 831 588 951 
1855 138 163 915 
1856 697 47 919 
1857 705 518 918 
1858 184 260 917 
1859 67 424 921 
1860 160 146 916 
1861 106 479 920 
1862 9 478 922 
1863 678 844 936 
1864 176 52 923 
1865 643 158 924 
1866 536 481 925 
1867 326 90 926 
1868 92 178 927 
1869 584 582 953 
1870 686 685 928 
1871 468 929 930 
1872 468 778 929 
1873 537 468 930 
1874 470 538 931 
1875 358 513 932 
1876 401 547 933 
1877 402 417 934 
1878 292 660 935 
1879 454 409 938 
1880 687 686 939 
1881 107 108 946 
1882 522 524 941 
1883 111 112 942 
1884 526 528 944 
1885 109 110 943 
1886 114 115 945 
1887 532 531 947 
1888 949 119 950 
1889 543 534 948 
1890 119 120 950 
1891 118 119 949 
1892 608 571 952 
1893 693 345 952 
1894 416 463 954 
1895 411 351 957 
1896 423 792 958 
1897 546 822 936 
1898 478 836 922 
1899 479 834 920 
1900 518 835 918 
1901 837 697 919 
1902 580 841 953 
1903 829 467 940 
1904 463 870 954 
1905 298 831 951 
1906 866 687 939 
1907 547 932 933 
1908 932 513 933 
1909 836 478 955 
1910 834 479 956 
1911 467 868 940 
1912 844 546 936 
1913 611 883 924 
1914 543 948 955 
1915 547 906 932 
1916 664 908 934