0 1 0 1
1
0 0 0
0 2 0 1
2
2 0 0
0 3 0 1
3
2 1 0
0 4 0 1
4
0 1 0
0 5 0 1
5
0.8 0.3 0
0 6 0 1
6
1.2 0.3 0
0 7 0 1
7
1.2 0.7 0
0 8 0 1
8
0.8 0.7 0
1 1 0 39
9
10
11
12
13
14
15
16
17
18
19
20
21
22
23
24
25
26
27
28
29
30
31
32
33
34
35
36
37
38
39
40
41
42
43
44
45
46
47
0.04999999999990573 0 0
0.0999999999997993 0 0
0.1499999999997056 0 0
0.1999999999996293 0 0
0.2499999999995475 0 0
0.2999999999994072 0 0
0.3499999999992615 0 0
0.3999999999991157 0 0
0.44999999999897 0 0
0.4999999999988242 0 0
0.5499999999986784 0 0
0.5999999999985328 0 0
0.649999999998387 0 0
0.6999999999982413 0 0
0.7499999999980955 0 0
0.7999999999979498 0 0
0.8499999999978042 0 0
0.8999999999976585 0 0
0.9499999999975127 0 0
0.9999999999973885 0 0
1.049999999997498 0 0
1.09999999999763 0 0
1.149999999997762 0 0
1.199999999997894 0 0
1.249999999998025 0 0
1.299999999998157 0 0
1.349999999998289 0 0
1.39999999999842 0 0
1.449999999998552 0 0
1.499999999998683 0 0
1.549999999998815 0 0
1.599999999998947 0 0
1.649999999999078 0 0
1.69999999999921 0 0
1.749999999999342 0 0
1.799999999999474 0 0
1.849999999999605 0 0
1.899999999999737 0 0
1.949999999999869 0 0
1 2 0 19
48
49
50
51
52
53
54
55
56
57
58
59
60
61
62
63
64
65
66
2 0.04999999999989965 0
2 0.09999999999981467 0
2 0.1499999999997036 0
2 0.1999999999995579 0
2 0.2499999999994121 0
2 0.2999999999992664 0
2 0.3499999999991206 0
2 0.3999999999989749 0
2 0.4499999999988292 0
2 0.4999999999986943 0
2 0.5499999999988151 0
2 0.5999999999989468 0
2 0.6499999999990784 0
2 0.69999999999921 0
2 0.7499999999993417 0
2 0.7999999999994734 0
2 0.8499999999996051 0
2 0.8999999999997368 0
2 0.9499999999998684 0
1 3 0 39
67
68
69
70
71
72
73
74
75
76
77
78
79
80
81
82
83
84
85
86
87
88
89
90
91
92
93
94
95
96
97
98
99
100
101
102
103
104
105
1.949999999999792 1 0
1.899999999999584 1 0
1.849999999999375 1 0
1.799999999999167 1 0
1.749999999999002 1 0
1.699999999999306 1 0
1.649999999999653 1 0
1.6 1 0
1.550000000000346 1 0
1.500000000000693 1 0
1.45000000000104 1 0
1.400000000001387 1 0
1.350000000001733 1 0
1.30000000000208 1 0
1.250000000002427 1 0
1.200000000002774 1 0
1.150000000003121 1 0
1.100000000003467 1 0
1.050000000003814 1 0
1.000000000004117 1 0
0.9500000000039528 1 0
0.9000000000037447 1 0
0.8500000000035368 1 0
0.8000000000033287 1 0
0.7500000000031206 1 0
0.7000000000029127 1 0
0.6500000000027044 1 0
0.6000000000024965 1 0
0.5500000000022884 1 0
0.5000000000020806 1 0
0.4500000000018725 1 0
0.4000000000016644 1 0
0.3500000000014563 1 0
0.3000000000012482 1 0
0.2500000000010403 1 0
0.200000000000832 1 0
0.1500000000006243 1 0
0.100000000000416 1 0
0.0500000000002081 1 0
1 4 0 19
106
107
108
109
110
111
112
113
114
115
116
117
118
119
120
121
122
123
124
0 0.9499999999997918 0
0 0.8999999999995836 0
0 0.8499999999996529 0
0 0.7999999999999998 0
0 0.7500000000003466 0
0 0.7000000000006934 0
0 0.6500000000010401 0
0 0.6000000000013869 0
0 0.5500000000017335 0
0 0.5000000000020587 0
0 0.4500000000018723 0
0 0.4000000000016644 0
0 0.3500000000014564 0
0 0.3000000000012483 0
0 0.2500000000010403 0
0 0.2000000000008322 0
0 0.1500000000006241 0
0 0.100000000000416 0
0 0.05000000000020799 0
1 5 0 7
125
126
127
128
129
130
131
0.8499999999999078 0.3 0
0.8999999999997723 0.3 0
0.9499999999996149 0.3 0
0.9999999999995227 0.3 0
1.049999999999647 0.3 0
1.099999999999751 0.3 0
1.149999999999854 0.3 0
1 6 0 7
132
133
134
135
136
137
138
1.2 0.3499999999999349 0
1.2 0.3999999999997831 0
1.2 0.4499999999996313 0
1.2 0.499999999999501 0
1.2 0.5499999999996311 0
1.2 0.5999999999997396 0
1.2 0.6499999999998698 0
1 7 0 7
139
140
141
142
143
144
145
1.149999999999913 0.7 0
1.100000000000043 0.7 0
1.050000000000173 0.7 0
1.000000000000586 0.7 0
0.9500000000004556 0.7 0
0.9000000000003037 0.7 0
0.8500000000001735 0.7 0
1 8 0 7
146
147
148
149
150
151
152
0.8 0.6500000000001003 0
0.8 0.6000000000002439 0
0.8 0.5500000000003877 0
0.8 0.5000000000005315 0
0.8 0.450000000000404 0
0.8 0.4000000000002657 0
0.8 0.3500000000001274 0
2 11 0 806
153
154
155
156
157
158
159
160
161
162
163
164
165
166
167
168
169
170
171
172
173
174
175
176
177
178
179
180
181
182
183
184
185
186
187
188
189
190
191
192
193
194
195
196
197
198
199
200
201
202
203
204
205
206
207
208
209
210
211
212
213
214
215
216
217
218
219
220
221
222
223
224
225
226
227
228
229
230
231
232
233
234
235
236
237
238
239
240
241
242
243
244
245
246
247
248
249
250
251
252
253
254
255
256
257
258
259
260
261
262
263
264
265
266
267
268
269
270
271
272
273
274
275
276
277
278
279
280
281
282
283
284
285
286
287
288
289
290
291
292
293
294
295
296
297
298
299
300
301
302
303
304
305
306
307
308
309
310
311
312
313
314
315
316
317
318
319
320
321
322
323
324
325
326
327
328
329
330
331
332
333
334
335
336
337
338
339
340
341
342
343
344
345
346
347
348
349
350
351
352
353
354
355
356
357
358
359
360
361
362
363
364
365
366
367
368
369
370
371
372
373
374
375
376
377
378
379
380
381
382
383
384
385
386
387
388
389
390
391
392
393
394
395
396
397
398
399
400
401
402
403
404
405
406
407
408
409
410
411
412
413
414
415
416
417
418
419
420
421
422
423
424
425
426
427
428
429
430
431
432
433
434
435
436
437
438
439
440
441
442
443
444
445
446
447
448
449
450
451
452
453
454
455
456
457
458
459
460
461
462
463
464
465
466
467
468
469
470
471
472
473
474
475
476
477
478
479
480
481
482
483
484
485
486
487
488
489
490
491
492
493
494
495
496
497
498
499
500
501
502
503
504
505
506
507
508
509
510
511
512
513
514
515
516
517
518
519
520
521
522
523
524
525
526
527
528
529
530
531
532
533
534
535
536
537
538
539
540
541
542
543
544
545
546
547
548
549
550
551
552
553
554
555
556
557
558
559
560
561
562
563
564
565
566
567
568
569
570
571
572
573
574
575
576
577
578
579
580
581
582
583
584
585
586
587
588
589
590
591
592
593
594
595
596
597
598
599
600
601
602
603
604
605
606
607
608
609
610
611
612
613
614
615
616
617
618
619
620
621
622
623
624
625
626
627
628
629
630
631
632
633
634
635
636
637
638
639
640
641
642
643
644
645
646
647
648
649
650
651
652
653
654
655
656
657
658
659
660
661
662
663
664
665
666
667
668
669
670
671
672
673
674
675
676
677
678
679
680
681
682
683
684
685
686
687
688
689
690
691
692
693
694
695
696
697
698
699
700
701
702
703
704
705
706
707
708
709
710
711
712
713
714
715
716
717
718
719
720
721
722
723
724
725
726
727
728
729
730
731
732
733
734
735
736
737
738
739
740
741
742
743
744
745
746
747
748
749
750
751
752
753
754
755
756
757
758
759
760
761
762
763
764
765
766
767
768
769
770
771
772
773
774
775
776
777
778
779
780
781
782
783
784
785
786
787
788
789
790
791
792
793
794
795
796
797
798
799
800
801
802
803
804
805
806
807
808
809
810
811
812
813
814
815
816
817
818
819
820
821
822
823
824
825
826
827
828
829
830
831
832
833
834
835
836
837
838
839
840
841
842
843
844
845
846
847
848
849
850
851
852
853
854
855
856
857
858
859
860
861
862
863
864
865
866
867
868
869
870
871
872
873
874
875
876
877
878
879
880
881
882
883
884
885
886
887
888
889
890
891
892
893
894
895
896
897
898
899
900
901
902
903
904
905
906
907
908
909
910
911
912
913
914
915
916
917
918
919
920
921
922
923
924
925
926
927
928
929
930
931
932
933
934
935
936
937
938
939
940
941
942
943
944
945
946
947
948
949
950
951
952
953
954
955
956
957
958
0.04773797079080486 0.567951408950559 0
1.24750004405929 0.431955146845414 0
0.7566987298107355 0.4250000000003594 0
1.950947382032297 0.5678574213984663 0
1.574909661994906 0.9557370031389528 0
0.04295435864098492 0.3702113357134243 0
1.619608503773249 0.04889297848694928 0
0.7578151847793095 0.6230662432703903 0
0.4247655841333197 0.04405023567894237 0
0.3750000000015636 0.9576369129574417 0
1.245581870745392 0.6207719908455791 0
1.953339895499602 0.3796698283952138 0
1.956698729810668 0.724999999999296 0
1.474999999998618 0.04330127018933581 0
0.0433012701889216 0.72500000000052 0
0.2779352036094919 0.0477505063187578 0
0.5319551468469162 0.9524999559409757 0
1.724811423649577 0.9553541214547117 0
0.5723135190703701 0.04573434391081355 0
1.419764811872203 0.9520135494348915 0
1.773953376081905 0.04171704959976639 0
0.2239637028926487 0.9553418012612602 0
0.04778852588620348 0.2321428571433686 0
1.955584984534098 0.223627231662294 0
1.330391496224371 0.04889297848696986 0
0.6750000000028086 0.956698729810598 0
1.275000000002254 0.9566987298110784 0
0.7195088886002242 0.04758321978183969 0
1.025000000000379 0.7433012701888648 0
0.9206637172643473 0.2551851937522821 0
1.174999999999905 0.2566987298107568 0
1.22499999999993 0.2544658198738109 0
0.8250000000000967 0.743301270189245 0
0.7750000000000858 0.7433012701892772 0
1.125000000003294 0.9566987298110785 0
1.074999999997515 0.04226497308107805 0
0.9250000000038487 0.9566987298106168 0
0.8804911113970562 0.04758321978183915 0
1.1749999999999 0.7433012701892517 0
1.224912973391179 0.7433515150252616 0
1.824943448490668 0.9560070633503854 0
0.7566987298107587 0.3250000000000938 0
0.7566987298107557 0.275000000000079 0
0.7133974596215593 0.3000000000000863 0
0.7133974596215407 0.2500000000000869 0
0.670096189432338 0.2750000000000725 0
1.028595079538648 0.2550302475901791 0
0.1749999999996675 0.04330127018914595 0
1.245329704221469 0.525769251104083 0
0.03572655899096872 0.4833333333347953 0
1.952476159168183 0.8240827533186244 0
0.9732268599180866 0.04756066892186464 0
0.7566987298108708 0.5250000000004089 0
1.955572848964065 0.4745399000480859 0
0.04330127018892151 0.8249999999998264 0
0.6700961894323552 0.3250000000000724 0
0.6267949192431531 0.3000000000000873 0
0.6267949192431594 0.3500000000000641 0
0.5834936490539634 0.3250000000000796 0
0.5834936490539693 0.3750000000000507 0
0.5401923788647542 0.3500000000000423 0
0.5401923788647695 0.4000000000000353 0
0.4968911086755442 0.3750000000000216 0
0.4968911086755583 0.4250000000000322 0
0.4535898384863384 0.400000000000038 0
0.4535898384863399 0.4500000000000426 0
0.4102885682971167 0.4250000000000451 0
0.410288568297119 0.4750000000000446 0
0.4535898384863323 0.5000000000000224 0
0.4102885682971279 0.5250000000000081 0
0.4535898384863433 0.5500000000000027 0
0.4102885682971139 0.5749999999999909 0
0.4535898384863586 0.5999999999999936 0
0.4102885682971064 0.3750000000000357 0
0.4102885682971098 0.6249999999999742 0
0.4535898384863515 0.6499999999999921 0
0.3669872981079232 0.5500000000000103 0
0.3669872981078847 0.4000000000000491 0
0.3669872981078651 0.350000000000033 0
0.4102885682970868 0.6750000000000025 0
0.5401923788646871 0.3000000000000124 0
0.3236860279186348 0.3750000000000676 0
0.3236860279186276 0.3250000000000314 0
0.453589838486342 0.7000000000000117 0
0.4968911086755948 0.6750000000000012 0
0.3669872981078519 0.3000000000000204 0
0.4968911086755927 0.7250000000000218 0
0.4102885682970855 0.7250000000000278 0
0.3669872981078314 0.7000000000000182 0
0.3236860279186259 0.2750000000000275 0
0.2803847577293948 0.3000000000000363 0
0.5401923788648331 0.7000000000000011 0
0.5401923788648497 0.7500000000000302 0
0.3669872981078316 0.7500000000000371 0
0.3236860279185976 0.725000000000027 0
0.2803847577293948 0.2500000000000162 0
0.3669872981078436 0.2500000000000211 0
0.5834936490539749 0.4250000000000177 0
0.5401923788648313 0.6499999999999849 0
0.626794919243044 0.2500000000000279 0
0.7566987298107337 0.2250000000001191 0
0.4102885682970782 0.7750000000000686 0
1.025000000003966 0.9566987298110596 0
1.201181515483533 0.2137074562478937 0
0.8000000000001192 0.786602540378484 0
0.9250000000003571 0.7433012701892305 0
1.250196919247169 0.2139598482875672 0
1.275032819874458 0.2541873996619629 0
1.300038289853516 0.2139555102588584 0
1.325011851621252 0.2563731832254329 0
1.350008356912356 0.2134362102968026 0
1.375003368088842 0.2566509304923176 0
1.399999999999834 0.213397459621418 0
1.425000561348004 0.2566907632575531 0
1.400000654906062 0.2999907056879166 0
1.449999999999844 0.2999999999997887 0
1.426821564353206 0.3422481034856484 0
1.4753035940587 0.3431257424051049 0
1.452175648270874 0.3853461403122838 0
1.500413207054819 0.386363885736543 0
1.477252931089827 0.4286030171314355 0
1.52544435635734 0.4296472358877576 0
1.50227100311008 0.4718939017526294 0
1.549999999999842 0.386602540378139 0
1.550452559911132 0.4729437884759424 0
1.525453927170146 0.5162442723983417 0
1.575151081180125 0.5164191224743916 0
1.550100834724992 0.5597494032984869 0
1.600041985984099 0.55978338008363 0
1.625032177860557 0.5164877726918979 0
1.575023803451472 0.6030951481761624 0
1.625010964905832 0.6031025606242286 0
1.600005794726188 0.6464068158719831 0
1.550004933029626 0.6464073133817779 0
1.650002793271902 0.6464085487897316 0
1.47500009355776 0.2566974020517807 0
1.625001431332982 0.6897106053082991 0
1.675000704100709 0.6897110251828062 0
1.70000058289529 0.6464098249727031 0
1.471637491049554 0.511720563065194 0
1.725000214499198 0.6897113078590512 0
1.650000355905558 0.7330124964059446 0
1.750000132898918 0.6464100847825467 0
1.600000297873136 0.733012529911633 0
0.7500000000001241 0.7866025403785077 0
1.877293907851972 0.04148396385751527 0
0.3234528270722561 0.774596084285823 0
0.2803458909216554 0.7499326807143081 0
0.2803782799280962 0.6999887801191038 0
0.2370834875401526 0.2750000000000275 0
0.2370834875401494 0.3250000000000671 0
1.427193901510772 0.4268606013237404 0
1.199985495565114 0.7866109145177639 0
1.249983078159298 0.7866123102077142 0
1.274895648649613 0.744014674223797 0
1.29997978780139 0.7867230693558398 0
1.32497923940844 0.7440934157789767 0
1.349993171201504 0.7867546528064314 0
1.374995401768214 0.7434586465257431 0
1.399998095494724 0.7866541218393819 0
0.7258663587421044 0.7438014626422299 0
0.7000000000001437 0.7866025403785337 0
0.2370834875401593 0.2250000000000069 0
0.2370759301053778 0.7249869101388995 0
0.2370828786256861 0.6749989453292087 0
0.2370757501664323 0.7749865984754171 0
1.77500005789953 0.6897113982733922 0
1.750000045399656 0.7330126756795219 0
1.625000028363969 0.7763139557044699 0
1.575000054372969 0.7763139406880201 0
0.1937822173508819 0.3000000000000466 0
0.1937822173508824 0.350000000000112 0
0.7133974596215622 0.2000000000001559 0
0.8267516452959912 0.9528565289476896 0
1.174999999997828 0.0433012701893359 0
1.800000031799579 0.6464101431532319 0
1.775000027449571 0.6031088754755274 0
1.800000017216372 0.7330126919514061 0
1.775000010435861 0.7763139660554046 0
0.2803847577294118 0.2000000000000277 0
0.1198142645348419 0.950966655156037 0
0.04105775297264307 0.1177713186808584 0
1.349999999999959 0.7000000000003024 0
0.5834936490540599 0.6749999999999805 0
0.5834936490540559 0.6249999999999813 0
1.149997582593957 0.7866039360683522 0
1.147541380174587 0.2065584624668272 0
0.4968911086755943 0.5250000000000066 0
0.323686027918672 0.4250000000000881 0
1.399999233627956 0.7000262293897692 0
1.3754105257628 0.6564660104722334 0
0.7566987298106966 0.1750000000001388 0
1.375929369567978 0.3454668183389921 0
0.19378085629286 0.6999976425780302 0
0.1943518079113346 0.6509865597900244 0
0.2371783178144823 0.6251642508533888 0
0.1878830418206202 0.5972494120482589 0
0.2361160966641453 0.5745689438172116 0
0.1937822173510538 0.5500000000004317 0
0.2370834875401676 0.1750000000000014 0
0.1937822173509366 0.1999999999999889 0
0.7999999999998809 0.2000000000001323 0
1.824731952280914 0.7764687295033736 0
1.224994762287234 0.8299068345624301 0
1.374998544449177 0.8299377595491968 0
1.422864644014959 0.828685540610494 0
0.7750000000001469 0.8299038105677354 0
0.8250000000001712 0.829903810567713 0
1.227233339693438 0.167696456159155 0
1.375001392818571 0.1701026478781034 0
1.425000232136237 0.1700972658398561 0
1.600000013789535 0.8196152343083063 0
1.650000007025472 0.8196152382134901 0
1.799955327119315 0.8196410341695382 0
1.825000002570279 0.6031088898398187 0
1.800000005003106 0.5598076182459653 0
1.957333810798686 0.1280938239715883 0
0.2369222557275759 0.5249281573032383 0
0.1937553453823107 0.4999880262175914 0
0.4102885682970541 0.2750000000000099 0
0.4102885682970512 0.2250000000000354 0
0.6267949192432721 0.6499999999999766 0
0.6267949192432676 0.5999999999999845 0
1.750000005408589 0.5598076180118906 0
1.775000001735062 0.5165063499435876 0
1.825000001122798 0.516506350297038 0
1.800000000476058 0.4732050804812348 0
1.750000000368297 0.4732050805435087 0
1.775000000140458 0.4299038104858056 0
1.725000000084557 0.4299038105181401 0
1.750000000037216 0.386602540356223 0
1.799999999999564 0.3866025403779021 0
1.774576031322781 0.3430564917518255 0
1.724929338559702 0.3432604737789944 0
1.749649734235951 0.3001070344194711 0
1.69992984546561 0.300011039667934 0
1.724662102539112 0.2568730390527622 0
1.674931991333756 0.2567296212955009 0
1.699932348978431 0.2134316597423733 0
1.748037441278376 0.2142466346119669 0
1.649977390051638 0.2134083082222207 0
1.79734076628236 0.2953226979369078 0
1.624984896897202 0.2567056864914442 0
1.599993714491071 0.2134004271682169 0
1.674999999999402 0.170096189431888 0
1.674976530670606 0.3432963107319132 0
1.849187515289696 0.6459410666324539 0
1.55000001136061 0.8196152357107863 0
1.521248224685701 0.7717529298572749 0
1.422933497256323 0.655431789788578 0
1.397902548634325 0.6141991340464358 0
0.799999999999837 0.1500000000001724 0
0.8433012701890059 0.1750000000001632 0
1.400000270825658 0.127679049269716 0
0.1511455709680381 0.676151162200078 0
0.1505914909532848 0.7251914674629185 0
0.1518051043389752 0.3227064924916397 0
0.1442224754096765 0.3724220505941856 0
0.1519640344441678 0.5224214645758518 0
0.7133974596213341 0.150000000000088 0
1.350129499224396 0.6132551945656834 0
1.372850552774324 0.5712577086454907 0
0.2803847577294321 0.1500000000000484 0
0.625227119527167 0.6974917506572085 0
1.442027055956898 0.6100120367196442 0
1.850000000266213 0.4732050806023323 0
1.849679827572263 0.8198000939071997 0
1.625000003469173 0.862916510455892 0
1.675000001748928 0.8629165114489672 0
0.1937822173509435 0.1499999999999782 0
0.1535107824609124 0.1749999999999697 0
1.923164545429038 0.9552881819017891 0
1.445175447707411 0.6957943108295248 0
0.2803469019486634 0.5999884247308387 0
0.1507236497141159 0.4745682484659529 0
0.1938181891149654 0.4499260457807682 0
0.453589838486245 0.2500000000000049 0
0.4535898384862228 0.2000000000000452 0
0.4102885682970497 0.1750000000000808 0
0.4535898384862146 0.1500000000001107 0
0.4968911086753787 0.1750000000000628 0
0.4968911086753628 0.1250000000001421 0
0.5401923788645226 0.1500000000000889 0
0.5401923788645423 0.2000000000000113 0
0.5834936490536859 0.175000000000034 0
0.5834936490540554 0.5749999999999844 0
0.6267949192432684 0.5499999999999885 0
1.292706596089727 0.3022091990649361 0
0.5834936490540552 0.5249999999999908 0
0.6267949192432224 0.499999999999996 0
0.4968911086755962 0.7750000000000608 0
0.5401923788648755 0.8000000000000826 0
0.4968911086755933 0.8250000000001252 0
0.5401923788648855 0.8500000000001577 0
0.5834936490541709 0.8250000000000994 0
0.5834936490541881 0.8750000000001865 0
0.6267350886020316 0.8501036297109691 0
0.2370834875401452 0.3750000000001255 0
0.6700961894323495 0.3750000000000587 0
1.846561717686082 0.7313887113334264 0
0.1507016400245056 0.2746177487486062 0
0.1087613091563786 0.2972605326982999 0
0.6700961894324713 0.5750000000000141 0
1.574996435231044 0.2567003838484798 0
1.599996888687737 0.3000014351195045 0
1.549998358286676 0.2133982298854684 0
1.574998678795857 0.170096812400522 0
1.524999506180102 0.1700964216375879 0
1.549999697495573 0.1267950617717934 0
1.875374449801965 0.5166523138468784 0
0.6685268069932708 0.6737621946698922 0
0.4974092572297503 0.8741025403785365 0
0.4536761965786609 0.849850423396556 0
0.4516248603016229 0.9072846034527091 0
0.4101159036180215 0.873941404750048 0
1.349999999999768 0.1267949192429924 0
1.450000021820666 0.1272929624648821 0
1.597876317117962 0.1289038736854378 0
0.1509057618512401 0.125887836975889 0
1.649961795460332 0.9073482212648405 0
1.824721944172751 0.8639555488837498 0
1.874854016128497 0.8631472130896187 0
1.774578592665539 0.8652839005821701 0
1.324663341999939 0.5702660651254305 0
1.349585649129251 0.5270168183944478 0
0.07188646185686454 0.0394219537751653 0
0.04057831690542246 0.9205417625368542 0
0.4096064200145111 0.1261815154838054 0
1.397635559415222 0.8718481983055417 0
1.447235073452429 0.8745314479925137 0
1.34960568397729 0.8729845918451777 0
0.8000000000001817 0.8723222065391544 0
0.8500000000002443 0.8721750608361492 0
0.7516499240658977 0.8721053509505237 0
0.8750000000002301 0.8297321405808877 0
0.9000000000003122 0.8721219248878191 0
0.9250000000003147 0.8296946729250353 0
0.9500000000003299 0.8721068242870441 0
0.9750000000002782 0.8296859115489381 0
1.000000000000221 0.8721028472909197 0
1.025000000000081 0.8296837884867894 0
1.049999999999998 0.872101830614482 0
0.8439062966313445 0.1260479365383449 0
0.8867033781185227 0.150174656089899 0
0.8000864323480555 0.09288938791070957 0
1.873352454522873 0.6021479266262464 0
1.901805708832403 0.646987927142098 0
0.5842842315281486 0.126369329013494 0
1.074999999999827 0.8296832651970001 0
1.099999999999742 0.872101573953419 0
0.6269266829885708 0.1502282215022888 0
0.6277392260873292 0.1016355874327974 0
0.3668736067274675 0.1501969192473914 0
0.3661725098815237 0.1014112546056674 0
0.4535898384862695 0.2999999999999946 0
1.700000001462235 0.8196152414254498 0
1.70000000007529 0.4732050807127349 0
1.675000000006637 0.4299038105631849 0
1.549999999999483 0.2999999999997014 0
0.6250908138219913 0.8009953801361648 0
1.446769373750958 0.7852388193318018 0
1.395719374423932 0.5275948702703748 0
1.372396048723488 0.4847155750687047 0
1.324496949642408 0.483734286581838 0
1.347660711192348 0.4414877571068522 0
0.8423386022526089 0.2247881315360335 0
0.6256484530367624 0.8996834090397758 0
0.6701619301439448 0.8761151099722843 0
0.1052694731877556 0.2434315912271612 0
0.1100179005361084 0.7002237716104929 0
0.1077830875661639 0.6424413012738079 0
0.1103801671622642 0.7500692065120483 0
0.151032786158729 0.7750434456622873 0
0.1105140941341823 0.8000187753620871 0
0.1511286565216152 0.8250103701704159 0
0.1105523936899305 0.8500048575883699 0
0.1510708603145141 0.8741147009835358 0
0.1939884877697797 0.8498541785253929 0
0.1101763375754975 0.499498285507352 0
0.1026550481861978 0.4436565843870385 0
0.1089369351086489 0.5519347802708612 0
0.1076431416656585 0.1572696909966138 0
0.7808090123461753 0.9204696912622726 0
1.374999999999616 0.9165063509459186 0
1.376850228635259 0.08143823660073475 0
1.574999999999304 0.08349364905346314 0
1.074999999999922 0.9165063509455861 0
0.9750000000004108 0.9165063509458659 0
0.8751276709407289 0.9181624715187304 0
0.581151712564028 0.9250080731307067 0
0.1152520088052949 0.1018269711360611 0
0.6799261934441551 0.7456004224204236 0
0.1973009340742439 0.907047962381602 0
0.2385019651279378 0.8729478296244397 0
1.505362827876668 0.8195182112044918 0
1.527276625512025 0.8641006915759928 0
1.524999999999241 0.0834936490535019 0
1.316600947330181 0.9154333056859684 0
1.298534438551126 0.872106617510534 0
0.7144163794963732 0.9159331060828391 0
1.244434682870377 0.3273019565738358 0
0.1961781580516785 0.09291783282389283 0
0.1123973658013543 0.8986732886705553 0
0.8866025403781209 0.1000000000003322 0
0.9299206168573263 0.1250291093485498 0
0.930760759132031 0.1735836433592044 0
0.9733507065655682 0.1497687921180915 0
0.9737180884444525 0.1980222143206665 0
1.015825540720643 0.1732625053931134 0
1.015029307715522 0.1242145919302846 0
1.057813375369423 0.147346606283715 0
1.056015106150112 0.2062481938954278 0
1.103108891324115 0.1750000000001282 0
1.100623764952526 0.1232223173986622 0
1.144914120428149 0.1506616431655295 0
1.147469160133844 0.09457598981330687 0
1.189533536389954 0.1268955628866681 0
1.300000000000505 0.4401923788650912 0
1.32380799561735 0.3942475914410856 0
1.300528387115646 0.6152144183023369 0
1.899290965365697 0.8224727556893519 0
1.901321092704882 0.4735978407979408 0
1.875220182161546 0.4304397932625985 0
1.92523337741361 0.4287641724096715 0
1.898866876762039 0.3854694141311177 0
1.918278964321428 0.3383617493465841 0
1.870265576803728 0.3398646524663378 0
1.89015578619742 0.2958527454343396 0
1.939299273712578 0.2949710990767399 0
1.909798248160648 0.2521386814739429 0
1.910535332135315 0.2009101671007463 0
1.867181477028824 0.2207979646451644 0
1.868865182190273 0.1726306294810658 0
1.824801525234294 0.195085797544321 0
1.827492333955313 0.1449479287081823 0
1.87482010418691 0.1201532228067556 0
1.828713951101522 0.09689360845518041 0
1.78650487003015 0.1176571044660074 0
1.82385029062686 0.2471423582483681 0
1.599937871862114 0.9067979212155119 0
1.699884503635795 0.9079919379492111 0
1.849922598185376 0.9068156812054258 0
1.899792059252699 0.9077814799849837 0
0.06907095935014046 0.6822208225888385 0
0.06722596112453169 0.8743804991940559 0
0.06387840678382836 0.7749999999996597 0
0.06829291323978576 0.5171196346776799 0
0.0899877231685515 0.5967312706813312 0
0.1346495984974235 0.596470049390332 0
0.07054896228398742 0.2745669962140219 0
0.08651150720281164 0.2015688278735691 0
1.274932825522784 0.5723027741034199 0
1.277676370543202 0.660336202851259 0
0.9280743682174253 0.07561110785119135 0
1.425000000000289 0.4834936490545014 0
1.374978757699637 0.3982819935237388 0
1.925142513660522 0.5195758495374596 0
0.0693023066072911 0.3206795956519539 0
0.0925623854652429 0.367680248940359 0
0.04880383389756696 0.6306206862139757 0
1.275135830764338 0.4814084214725535 0
1.624950011531085 0.9529798285689728 0
1.55010199939668 0.9099397453420918 0
1.874740791828134 0.9529450158634853 0
1.799420950321322 0.9108388941585492 0
1.953766667200735 0.9161348627729604 0
1.674934622379291 0.9539456848729558 0
1.524790729646945 0.9561813277150737 0
1.494390953470703 0.9053433088491397 0
1.900267440225512 0.5598076211346317 0
1.954663255095848 0.1753192020590035 0
0.05187621547043388 0.1691075278136843 0
1.774712266135993 0.9559222978359531 0
1.000000000000218 0.7866025403786074 0
0.6702755345304048 0.1253106348225921 0
0.6721193380133923 0.0763371818486025 0
0.6267949192428049 0.05000000000025913 0
0.6701226442657464 0.1750458211160759 0
0.7133974596212765 0.1000000000001916 0
1.124999597098757 0.8296833678202358 0
1.149999932849548 0.8721015482804826 0
1.099999999999645 0.7866025403785707 0
0.5834936490537711 0.2250000000000152 0
1.124999597098905 0.7433015028041738 0
1.174996228399063 0.829685280334328 0
1.199998487255695 0.8729852409710041 0
1.166666403351737 0.9152494917941962 0
1.224999999999288 0.9165063509459733 0
1.249754614682195 0.872102993366181 0
0.5401923788646285 0.2500000000000167 0
0.04775565431027508 0.4317430362058676 0
0.9750000000004408 0.7433012701891577 0
1.274707780246858 0.8295592725950761 0
0.1746129608113267 0.9563879659830103 0
0.7566987298107547 0.3750000000001946 0
0.3235312813175455 0.1252680289755768 0
0.3233351751075266 0.07629577223077834 0
0.3707812782459842 0.04817017127169766 0
0.3236632015597163 0.1750395364135703 0
0.5401923788648402 0.549999999999996 0
0.5401923788648236 0.5000000000000023 0
0.4968911086756003 0.5749999999999976 0
0.8750000000002092 0.7433012701892345 0
0.3236849482850437 0.6749981300198958 0
0.3669871181689219 0.6499996883366572 0
1.575386087565023 0.8638308897680967 0
1.501353497359682 0.5579049894395496 0
1.453208626106578 0.5608947472467475 0
0.6701005985711792 0.2250076368527313 0
1.076144069724634 0.2563892101324641 0
1.527068633296553 0.601727700204249 0
1.506020375483419 0.6445584893540177 0
1.526209685675308 0.6890834844883864 0
0.2370834875401637 0.1249999999999886 0
0.2806242574874341 0.1011536230137864 0
0.1927451340196114 0.3995580160626436 0
0.2369166356123561 0.4249140103073368 0
0.2370303235493764 0.4749593732682773 0
0.2803490250955436 0.4999812550953785 0
0.3669872681180622 0.5999999480561042 0
0.3236797136235536 0.5749980621312596 0
0.950000000000457 0.7866025403785717 0
1.826970564192288 0.04803009813054587 0
0.2748272838164362 0.9573485564399975 0
0.3249712139705714 0.9569633981066558 0
0.2996088873141629 0.9172650734067103 0
0.3499584373757886 0.9178962444854297 0
0.3246670281605604 0.8722091278421849 0
1.049999999999931 0.7866025403780137 0
1.575203690439567 0.6896055751422866 0
1.749922321947058 0.8200141044620224 0
0.5834936490541638 0.7750000000000319 0
1.957199021144165 0.7727616443958448 0
1.917905044681911 0.7479152150057609 0
1.914465329382422 0.7008095267150137 0
1.956698729810628 0.6749999999991919 0
1.954185264954588 0.6229429246734153 0
0.7566987298105339 0.1249999999999548 0
1.299024050213365 0.526749602796962 0
1.34894197337897 0.3006653511664406 0
1.326335408503219 0.3434760471757653 0
1.124999999997682 0.04330127018932856 0
0.4252708100517298 0.9567744674538254 0
0.4750000000019913 0.9566987298106063 0
1.924948185888498 0.04242455365987939 0
0.4510439286533671 0.09176719144602477 0
0.497133438278298 0.07828668241251084 0
0.5439583561049165 0.09282805982878609 0
0.2800048056382305 0.7995153115315957 0
1.423656258724823 0.7424122330176576 0
1.474870423898602 0.7427770557907278 0
0.6245531868122765 0.9519820037432787 0
0.7987231003753843 0.2480309318596607 0
0.6698346256926024 0.6247936991116391 0
0.7135399414930966 0.5996433237304094 0
0.9742382284672042 0.2487599680426997 0
0.3236784513122627 0.6249973755458192 0
1.700000219984124 0.7330125748814531 0
1.416975038104832 0.04192240433884309 0
1.674101417294847 0.04423322157225993 0
1.651193889496986 0.08053405397854983 0
1.699999999999176 0.08660254037863709 0
1.724999999999288 0.04330127018933171 0
1.649978589649195 0.3000054004159865 0
1.624992001501095 0.3433015828687395 0
1.275898582702456 0.04423322157226628 0
1.296961837680426 0.08910542516744853 0
1.250887146939769 0.0855187542572365 0
1.272626217336647 0.1298186550146115 0
1.225297621605646 0.04233778125279297 0
1.650005362990294 0.4732019843728444 0
1.62500089383265 0.4299032945026525 0
1.242481281435311 0.3761020361212238 0
0.5834936490538745 0.2750000000000398 0
1.026284331336818 0.04292632426507477 0
1.053492847701529 0.09020167826093227 0
1.725000124775318 0.6031088192835894 0
1.70000002169717 0.5598076086076054 0
1.825036697173895 0.4304636636455598 0
0.5831126878185159 0.7245819584428641 0
0.747143238406254 0.7005835578617968 0
0.4968911086755711 0.4750000000000192 0
0.4535898384863367 0.3500000000000292 0
0.3669872981078959 0.4500000000000534 0
0.3236800724797331 0.4749968758492942 0
0.3669863055347697 0.4999994793082529 0
0.1491856691255564 0.4244434170036704 0
0.8249999999978777 0.0433012701890955 0
0.7566987298107866 0.47500000000043 0
0.7133974596215175 0.45000000000022 0
0.4102885682970806 0.3250000000000205 0
0.2238796430094609 0.04410715337419602 0
0.32368222352548 0.2250065894022858 0
0.7179222013483182 0.6554639475690617 0
0.5834936490540454 0.4750000000000028 0
0.6267949192431441 0.4499999999999971 0
0.4968911086754948 0.3249999999999888 0
0.7749999999980223 0.0433012701890955 0
1.725000004880699 0.5165063481274816 0
0.8908782128807755 0.2075920082057708 0
0.6700961894324108 0.525000000000076 0
1.724987099871458 0.7763804224307542 0
1.699984311559727 0.3865949143877492 0
0.4968911086754056 0.2250000000000188 0
0.6268220238626661 0.2000469465785288 0
1.324636567704558 0.829677660610376 0
1.550000000000162 0.7330127018916405 0
1.45000014784017 0.2133960899707362 0
0.5401923788648326 0.5999999999999905 0
1.849832392207756 0.5596717866650964 0
1.624641016742545 0.1713329625763552 0
0.4968911086755948 0.6249999999999932 0
0.366963911085768 0.2000405075105641 0
0.193818999494724 0.2499362914581084 0
0.6267949192431412 0.4000000000000198 0
0.3669872981078196 0.8000000000000607 0
1.723678744814312 0.1717113301247997 0
1.77783639350891 0.1701871653246568 0
0.2803569490747933 0.3999856683846319 0
0.5401923788647904 0.4500000000000182 0
0.4968911086754551 0.275000000000006 0
0.4535898384863453 0.7500000000000396 0
1.649992289595076 0.3866004089053909 0
0.5396012114644685 0.8996790656226373 0
1.674997952102136 0.7763249881769269 0
1.327131418860642 0.1723055595850141 0
0.2803916296523724 0.6500226510997091 0
0.1938214378880748 0.7500125160541857 0
0.1199955770586756 0.04915046053645412 0
0.2803801229536241 0.3499976113974932 0
0.7260477790075065 0.8280542661127207 0
0.4536042315017212 0.7999750705661592 0
1.12499999999974 0.2566987298107248 0
1.675002414590887 0.6031074972354658 0
0.7133974596215668 0.3500000000000534 0
1.823479066210034 0.6888934822676888 0
0.7569085526174858 0.5746182611669943 0
0.713397459621529 0.4000000000001361 0
0.410602153852729 0.8247944831188287 0
0.1537403002144246 0.2238309385723014 0
1.650014594173055 0.5597991950313984 0
1.724747199302629 0.8648592339866488 0
1.074999932849846 0.7433013089582704 0
1.675008693612844 0.5165013315906604 0
0.9715134978978425 0.1005523388964957 0
1.574998148364608 0.3433015614888647 0
1.600107012629089 0.4731432955141713 0
1.575043593933345 0.4298786401406095 0
0.2803365056217457 0.4499728638175012 0
1.600004487871102 0.386598004714066 0
0.2801833368297169 0.5499108071796722 0
1.52506079502344 0.3432660753653766 0
0.8500000000001768 0.7865739287140056 0
0.9000000000002494 0.7865847778448964 0
0.7134561770679989 0.5498769308163727 0
0.3236442919452067 0.5249810799273111 0
0.1939044369036152 0.7999921010957227 0
1.500060747106475 0.2999646582720601 0
1.525009272363507 0.2566930222798296 0
0.6700961894323144 0.4250000000000715 0
1.500001229704633 0.2133962258762875 0
0.2371737941655561 0.8246780975299282 0
0.7134072458626317 0.4999794884695842 0
1.475000189613563 0.1701789808387202 0
0.6700978204725401 0.4749965814116573 0
1.499999902518145 0.1277746616878566 0
1.924245024698553 0.8678365257631084 0
1.749522570734022 0.9109822958681211 0
1.474537953373546 0.9567498642301778 0
0.2792482070044973 0.8465097268560888 0
1.252353071754876 0.7025120514004871 0
0.6313237373700807 0.7476952697772783 0
0.6741347850088228 0.8270867678982042 0
1.754105031989905 0.08290986269146493 0
1.772609616769655 0.2558751916583005 0
1.877844697009742 0.7729332312139153 0
0.3683049549241877 0.8466518093222646 0
1.911666677673958 0.1511225934821667 0
1.903289730279242 0.07912368118993662 0
0.3237775201512585 0.8232470099730028 0
1.848640920133684 0.3857787772454245 0
0.07285094809356522 0.9591262891230037 0
0.8745675768400378 0.2583853814622958 0
0.03789622065958727 0.07049530327238195 0
1.954335482816136 0.07837738561820319 0
1.325624130441003 0.6581984611195977 0
1.82245998427145 0.3392088093832649 0
1.300658150094896 0.7022095550757464 0
1.845688977130656 0.2960951474245357 0
0.5253261486871537 0.04201985519223457 0
1.450403515072539 0.9188155270137884 0
0.2503061918357488 0.9180096328423265 0
1.123333267240848 0.9065315389569524 0
1.075000000002893 0.965980762113545 0
1.025000000000904 0.9067832219215828 0
1.181944400560468 0.9584084246114524 0
1.272978000113009 0.906569599463947 0
1.331933491222904 0.958439060260067 0
1.375339660619569 0.9653917921281754 0
1.226388880113442 0.9663227010737009 0
0.9750000000032591 0.9659807621135086 0
0.9250255341891261 0.9071192602900151 0
1.374843352592234 0.03445072388530954 0
1.278398525388644 0.173652453103521 0
0.8753758632495701 0.9655435460554074 0
1.43230425989746 0.08507080287069435 0
0.8265376657166643 0.9071971918207992 0
0.7500000000001426 0.9545103758285903 0
1.476460836846826 0.09338666925325417 0
1.524999999998847 0.03295978882499893 0
1.568405774257823 0.04048211013524879 0
1.651119464262443 0.1255376745148283 0
1.698780177541229 0.1368505754862176 0
1.870199086825028 0.6883968329864283 0
1.201254247224663 0.08294040371611291 0
0.399218934300993 0.9181618607734502 0
1.283760866251174 0.3551591464733826 0
0.7015794909109759 0.7043291500510751 0
1.280065982125772 0.3998291763662138 0
1.100226538968334 0.07919082060032737 0
1.099999999999746 0.2196152422707134 0
0.5000000000005718 0.9196152422702513 0
0.1500000000006504 0.9196729781440479 0
0.1499999999997007 0.08032702185556252 0
0.4720941674145462 0.04139532840279006 0
0.1551626213527161 0.6326596969405003 0
1.744102678630813 0.1303051429809348 0
0.847217276150491 0.08196436288406427 0
0.7529383020756226 0.08175477557635824 0
1.962183626706721 0.332600535363385 0
0.1122893223949581 0.4016404601853832 0
1.182089092901706 0.1741890791274857 0
0.4044739441857411 0.08231607369722752 0
1.23034227567764 0.1220130146394556 0
0.2419089253136983 0.08249768267870435 0
0.5910180504067138 0.08331346403723004 0
1.23381428049536 0.4749999999995662 0
1.01027396507401 0.2164130258687143 0
0.5750000000023929 0.966185719505431 0
1.96529028107551 0.8734000897231122 0
0.9253536203401416 0.03366476271957643 0
1.96650635094581 0.4249999999989021 0
0.674060449407097 0.0344153856769388 0
1.233409109029996 0.5746795093735937 0
0.3248465044227516 0.03363077811572072 0
0.9380518012377621 0.2166286055361247 0
0.663936518103784 0.9176772408583184 0
1.967101324892308 0.5243218019035727 0
1.915982541238869 0.5993383171400399 0
1.008678230562531 0.08111004751814457 0
0.7098995443946551 0.8674895761359129 0
1.789427053483619 0.2165074294775227 0
1.794697653306356 0.07771771435571596 0
1.486623940233021 0.856909693005082 0
1.511651413094656 0.7240055795645297 0
1.487686428334442 0.6909204166086661 0
1.483913172120758 0.6005072151858832 0
1.41535437431627 0.5721052683014427 0
1.460671065352104 0.4645143464655001 0
1.389071268786647 0.4465020847734013 0
1.411419848280493 0.3796407313968807 0
0.6620951059290388 0.781596076122121 0
1.236240066606079 0.6643029835971712 0
0.763827002364015 0.6642813117057362 0
1.248691234574924 0.2871282213256002 0
0.8331258558935878 0.266240888971598 0
1.96339745962141 0.03660254037852689 0
0.03660254037858437 0.9633974596214155 0
1.963397459621391 0.9633974596214112 0
0.03660254037831906 0.03660254037840005 0
1.963584791458502 0.2630729913616517 0
0.07769411951055603 0.4021330950621997 0
1.416562756552691 0.9075448325886144 0
0.7857649048337851 0.9642437152841037 0
0.7140777147622918 0.9642075644983552 0
1.92094317747394 0.7880331199246995 0
1.312740473579772 0.1341506350940687 0
1.33774047357979 0.0908493649047996 0
1.615677949128353 0.09218767155750018 0
1.464990901563589 0.8241206689675582 0
1.484122757640116 0.7872608470979933 0
1.463078531725954 0.649388782536463 0
1.434938978570446 0.5276057452422532 0
0.2784664558885814 0.8853882781143501 0
1.920798398648155 0.1149884450645987 0
0.1151246200366165 0.3362389549494937 0
1.886121593216553 0.724999999999315 0
0.375170522965408 0.8863893345076488 0
0.08013258056558428 0.7249999999998863 0
0.02969409450935792 0.676310358041758 0
0.02704709640726156 0.7750000000001728 0
0.08013258056556065 0.8249999999995072 0
0.02873301079345082 0.5243269772424417 0
0.02820380677030028 0.8746299024582103 0
0.07498166763343424 0.4750501248734236 0
0.08013258056572045 0.1249999999999239 0
0.02704709640664912 0.3250000000013523 0
0.029320641836685 0.2772729005723525 0
1.862659307405544 0.07745208105348965 0
1.349999999999955 0.370096189432241 0
1.868670385758632 0.2608254161633403 0
0.6613610888412713 0.7119021639290055 0
0.07778423671742074 0.08091373557751057 0
0.0803456389479178 0.9217182802336543 0
0.1565755018386554 0.562451032679517 0
0.1233058072261823 0.2001123519050499 0